[
  [
    -2.1353,
    9.4237,
    -4.7974,
    -13.1583,
    2.8943,
    -0.6756,
    6.3255,
    -21.8894,
    0.1343,
    7.2534,
    6.8396,
    -0.0353,
    -8.4661,
    -6.3278,
    -13.2158,
    14.8988,
    1.3944,
    4.9782,
    3.6475,
    -3.4194,
    -6.738,
    -2.7422,
    3.2143,
    -6.7787,
    -12.9017,
    15.2919,
    -6.3199,
    -9.0661,
    0.5488,
    2.4349,
    22.0019,
    7.0431,
    8.9988,
    2.9924,
    4.7221,
    -2.1028,
    -1.195,
    -9.0793,
    -15.3342,
    -3.16,
    1.5611,
    0.5744,
    9.5723,
    -8.8172,
    2.6198,
    -4.2882,
    -4.5275,
    -2.3362,
    -1.3757,
    -5.7021,
    9.7172,
    1.6315,
    5.8823,
    7.1034,
    2.1673,
    7.1344,
    -13.7872,
    -1.9449,
    4.888,
    -3.0246,
    14.3203,
    -2.7913,
    3.6713,
    -5.1949,
    -1.8469,
    7.1836,
    -5.8616,
    0.3182,
    2.9447,
    2.0454,
    15.7064,
    -16.0726,
    9.8963,
    -3.1274,
    -11.0616,
    -5.913,
    3.7414,
    5.0849,
    -4.739,
    -7.7248,
    6.2787,
    1.3968,
    -15.8513,
    4.1408,
    1.2694,
    0.4313,
    -1.2072,
    0.4057,
    10.0359,
    -4.1305,
    0.8207,
    -3.9476,
    0.6654,
    2.5449,
    17.1993,
    1.4111,
    -13.6164,
    12.213,
    17.6162,
    -6.2357,
    -7.5771,
    0.4928,
    -7.6538,
    5.6179,
    -1.1736,
    -3.266,
    -9.3825,
    -12.6282,
    -7.0826,
    3.3558,
    -8.8187,
    18.355,
    -1.91,
    -2.5283,
    7.5301,
    6.8449,
    5.5164,
    0.2453,
    -1.6902,
    -10.4997,
    -6.7606,
    -1.7559,
    -7.3614,
    6.4316,
    1.3978,
    10.117,
    8.5344,
    -17.0917,
    4.656,
    -13.8915,
    -10.1081,
    11.2192,
    3.534,
    1.7666,
    -9.5172,
    1.7719,
    -11.2573,
    -5.055,
    11.8596,
    7.2217,
    0.715,
    11.6078,
    -2.9244,
    -4.847,
    -1.146,
    12.7378,
    4.6781,
    -0.6591,
    -2.2263,
    3.2237,
    -13.3521,
    1.6162,
    16.4624,
    -0.9909,
    -20.2118,
    24.647,
    -0.5056,
    2.8104,
    -9.0892,
    -10.5586,
    3.4548,
    13.4273,
    -1.4456,
    3.4272,
    5.5398,
    2.5895,
    4.0419,
    16.5274,
    0.5378,
    -22.9823,
    7.7978,
    -12.5713,
    0.822,
    -5.1961,
    11.9198,
    13.0218,
    5.8803,
    -5.5627,
    6.2067,
    -0.9838,
    3.8174,
    6.07,
    7.4356,
    7.0011,
    -0.5454,
    1.7011,
    -6.2535,
    12.8133,
    -7.5423,
    -8.2055,
    15.6769,
    11.3551,
    6.2785,
    -5.3639,
    -3.1487,
    5.9676,
    7.1046,
    15.1306,
    -3.6498,
    -7.4521,
    5.4034,
    5.8855,
    17.4621,
    5.4868,
    -4.4799,
    -3.9159,
    8.9901,
    2.0875,
    5.2717,
    -5.5056,
    -8.0832,
    -1.7405,
    0.3989,
    -0.6966,
    -0.8642,
    9.271,
    -16.2331,
    1.277,
    10.2321,
    -20.1813,
    11.8339,
    2.1958,
    0.3952,
    -10.6778,
    0.7322,
    -6.2394,
    3.2593,
    11.6871,
    -9.418,
    -6.87,
    4.9037,
    6.35,
    3.6605,
    -7.0402,
    -1.0189,
    1.2782,
    -5.0593,
    -4.4226,
    11.6894,
    0.1274,
    2.1338,
    -7.9031,
    3.591,
    2.3384,
    1.7798,
    -0.781,
    5.4301,
    0.0079,
    -18.8996,
    8.2546,
    -0.5114,
    11.0198,
    -5.5442,
    -4.6314,
    4.192,
    8.0006,
    7.2395,
    1.8874,
    7.5796,
    2.5532,
    -4.7571,
    -13.8787,
    9.8377,
    6.2257,
    -1.0698,
    0.8509,
    7.313,
    5.5846,
    -10.7426,
    1.8437,
    -1.3758,
    -1.717,
    -0.8923,
    -1.3083,
    -3.8861,
    -9.7364,
    0.9229,
    -7.5214,
    -10.903,
    -7.8671,
    -1.0889,
    0.6317,
    9.6148,
    15.8104,
    5.7237,
    10.7459,
    -15.2948,
    -4.5287,
    -9.1017,
    -11.3921,
    -0.4334,
    11.4412,
    -12.7609,
    0.2218,
    -7.0964,
    3.6746,
    -0.3844,
    10.8356,
    11.6647,
    8.9523,
    -7.0769,
    -2.3561,
    1.1204,
    -10.2519,
    -1.4562,
    8.747,
    4.0256,
    -2.7544,
    10.9029,
    -4.8652,
    8.1771,
    6.1573,
    -1.5809,
    2.8025,
    -6.7426,
    2.3101,
    5.8014,
    2.7114,
    7.5,
    4.2998,
    -0.7219,
    13.1649,
    11.2632,
    3.546,
    0.2927,
    6.5632,
    4.6637,
    1.6446,
    20.2686,
    4.3449,
    1.1976,
    -3.0577,
    11.7732,
    -14.5775,
    -0.6523,
    -6.7174,
    6.5977,
    -9.006,
    -8.845,
    -15.1899,
    11.0474,
    2.6368,
    4.8143,
    -10.6965,
    -2.6177,
    11.1926,
    2.0749,
    -0.5541,
    -10.345,
    -0.4366,
    4.5397,
    8.415,
    -6.8554,
    11.931,
    2.627,
    8.9115,
    -0.6301,
    -1.9347,
    9.6886,
    5.6912,
    7.6133,
    -5.7125,
    10.1631,
    -5.4491,
    7.3519,
    -3.5663,
    -0.6809,
    8.2844,
    -6.3313,
    5.3595,
    5.2949,
    -13.3331,
    18.3397,
    5.9748,
    6.8615,
    -11.7765,
    -13.2254,
    6.3542,
    3.7798,
    -11.2915,
    -3.198,
    -5.5386,
    -16.1435,
    -6.3523,
    7.0777,
    -6.0796,
    2.6233,
    -1.3579,
    1.3175,
    2.9217,
    2.5847,
    4.0005,
    -1.6325,
    0.5758,
    5.2158,
    3.4579,
    10.3222,
    -2.6037,
    -6.9175,
    1.079,
    3.1053,
    14.8247,
    -0.7336,
    -0.1222,
    6.0999,
    -8.7981,
    2.3236,
    -4.3073,
    25.0269,
    3.3352,
    -4.9881,
    -0.7906,
    2.5436,
    11.9864,
    -0.4597,
    11.703,
    9.2408,
    -10.0424,
    -4.1625,
    7.152,
    7.4024,
    7.7435,
    7.5029,
    -13.2686,
    1.3471,
    4.1824,
    2.7632,
    -12.8778,
    -2.0635,
    3.6831,
    0.9686,
    -15.6082,
    4.6774,
    -7.573,
    -7.2555,
    8.3211,
    -0.4851,
    -5.135,
    -1.2053,
    -8.8201,
    4.8489,
    -2.0409,
    -3.4752,
    -8.866,
    14.2425,
    2.1612,
    7.6446,
    1.9079,
    7.4088,
    16.8518,
    -2.2545,
    1.3668,
    -14.2795,
    -5.1259,
    1.999,
    10.553,
    -7.0351,
    -11.4733,
    -0.7054,
    6.4686,
    -9.9465,
    0.9743,
    10.2444,
    14.2228,
    -1.2414,
    -10.5811,
    -7.5609,
    -1.5574,
    -3.6364,
    17.5556,
    4.5346,
    -0.058,
    4.4986,
    -4.6748,
    0.4137,
    -4.0024,
    10.3171,
    -14.7618,
    -21.7476,
    -5.2244,
    1.0511,
    1.8748,
    -3.3865,
    -4.513,
    -3.7638,
    -0.2,
    -9.7913,
    -11.0162,
    -0.0379,
    -0.8804,
    -10.0504,
    10.9721,
    5.061,
    11.9898,
    8.3698,
    -3.201,
    0.3074,
    9.485,
    -8.9564,
    -14.8585,
    5.1158,
    5.8749,
    5.9046,
    -0.5272,
    -5.6391,
    -4.568,
    7.5941,
    0.6841,
    16.6307,
    -8.7997,
    5.1632,
    -0.1602,
    3.2821,
    3.2523,
    -3.6119,
    0.3471,
    -14.8096,
    -2.1139,
    5.4231,
    -10.1418,
    -3.1453,
    12.2039,
    0.7414,
    -5.0293,
    -1.7294,
    9.093,
    -7.1189,
    -0.52,
    2.6178,
    0.1287,
    0.2844,
    3.1934,
    5.748,
    8.1825,
    -9.6349,
    -5.6288,
    -5.8151,
    -16.1784,
    -6.8995,
    -11.5641,
    -12.4311,
    15.9798,
    12.7997,
    11.2645,
    2.7211,
    0.5616,
    -4.4964,
    6.4682,
    -2.7977,
    13.8739,
    -11.1824,
    -10.0733,
    16.4668,
    -1.2346,
    1.9314,
    13.6259,
    -7.5752,
    -0.7335,
    2.4957,
    7.9244,
    14.1748,
    -2.5454,
    13.3281,
    -0.4796,
    -13.0248,
    -2.0125,
    0.985,
    4.7737,
    4.7948,
    -0.7717,
    9.3651,
    -9.5582,
    -12.5874,
    5.0855,
    13.3521,
    -5.1516,
    2.0913,
    -13.0245,
    6.1301,
    -4.4022,
    2.9346,
    5.8028,
    -6.1911,
    -17.1636,
    1.3296,
    -1.6211,
    -4.8203,
    -2.9857,
    -1.1406,
    5.3891,
    8.6633,
    3.8986,
    2.5339,
    -3.7859,
    -9.4077,
    -2.3043,
    -19.9048,
    -4.3834,
    10.1706,
    0.2376,
    4.1755,
    -11.9303,
    -1.4596,
    -2.802,
    9.352,
    12.3864,
    -9.3439,
    -15.8774,
    -15.3771,
    -6.3192,
    -3.212,
    -12.2538,
    -0.5818,
    7.3666,
    -6.5465,
    -2.7751,
    7.6741,
    -9.0945,
    0.267,
    -8.8272,
    -0.7725,
    0.0519,
    -1.162,
    12.8967,
    -12.1795,
    2.9968,
    2.133,
    2.2178,
    9.3774,
    -2.7633,
    18.6819,
    -5.8414,
    1.0769,
    3.8917,
    11.1942,
    -17.74,
    -1.5289,
    -6.8445,
    -17.3579,
    -4.5931,
    -8.0609,
    -17.2978,
    -3.7103,
    -0.2454,
    5.7689,
    0.9708,
    0.7433,
    12.914,
    -1.4581,
    5.604,
    17.0657,
    5.3334,
    -19.7758,
    0.8305,
    0.5882,
    8.0087,
    0.948,
    -14.1644,
    8.6053,
    1.341,
    0.0463,
    -0.3984,
    -11.3675,
    0.026,
    2.3319,
    -0.6689,
    -5.6885,
    -2.577,
    1.3096,
    -8.9174,
    3.7755,
    -3.3389,
    -4.0297,
    1.2434,
    0.0592,
    6.452,
    -2.2813,
    -4.3379,
    10.286,
    8.3087,
    3.3894,
    2.5373,
    -2.6087,
    1.6105,
    0.2342,
    -11.0932,
    1.6554,
    5.0512,
    -10.3092,
    9.2058,
    5.2904,
    -15.3995,
    5.8173,
    4.9425,
    3.5316,
    14.3752,
    -3.0331,
    6.3042,
    -2.2114,
    -0.9966,
    5.3143,
    14.7798,
    4.2311,
    8.3001,
    -13.276,
    5.9445,
    7.1812,
    9.7601,
    -7.6649,
    -4.4653,
    -6.8265,
    -4.8349,
    -2.6753,
    0.034,
    20.0506,
    9.3505,
    -8.3086,
    6.9721,
    1.6621,
    -5.5966,
    3.5117,
    16.4135,
    -0.295,
    0.5018,
    -1.4107,
    -2.7781,
    -3.2114,
    -9.7779,
    8.591,
    3.9576,
    15.6371,
    8.4855,
    7.8163,
    -0.3623,
    9.2541,
    5.2678,
    8.2476,
    5.3277,
    -6.8401,
    1.5575,
    -1.1881,
    -10.7999,
    1.688,
    -8.2162,
    -0.5823,
    7.6956,
    -7.8444,
    9.6855,
    -7.6505,
    -6.5748,
    9.1745,
    -8.6425,
    9.3324,
    -11.1621,
    4.027,
    -8.2308,
    9.2715,
    3.6434,
    2.3987,
    -8.5046,
    16.6936,
    6.7591,
    1.5896,
    8.5295,
    -6.1456,
    5.077,
    3.4346,
    5.6365,
    5.5535,
    -10.5064,
    -1.9694,
    5.1593,
    -3.132,
    12.4621,
    1.908,
    15.2968,
    -11.143,
    -4.9513,
    11.5537,
    -2.8994,
    -5.2536,
    0.9516,
    5.8549,
    -2.2017,
    17.8004,
    2.4635,
    -6.2388,
    9.4071,
    2.3255,
    -10.8422,
    -2.2105,
    1.2103,
    -4.3586,
    13.0437,
    -6.0591,
    6.281,
    -0.8374,
    2.3441,
    0.1364,
    11.4196,
    -3.5653,
    9.1799,
    13.1788,
    13.6328,
    1.887,
    -0.2716,
    -0.218,
    -13.0028,
    -0.4283,
    -0.2643,
    12.3686,
    4.5288,
    -5.6748,
    0.3971,
    7.5971,
    16.9233,
    0.1295,
    -10.2663,
    3.5748,
    6.2553,
    -0.4537,
    -6.0472,
    0.8461,
    -1.9196,
    11.2244,
    -1.7652,
    2.7609,
    2.3473,
    10.4714,
    9.7893,
    -15.5077,
    -1.1022,
    -4.1379,
    8.4675,
    -9.5496,
    15.2973,
    -0.206,
    16.3464,
    -5.3959,
    4.5106,
    2.5379,
    8.7978,
    1.2594,
    -1.1117,
    7.3923,
    7.8867,
    3.3716,
    4.5349,
    3.9527,
    11.7925,
    3.9901,
    7.9903,
    -13.5951,
    -2.8206,
    -7.9662,
    -2.4739,
    5.2215,
    3.3983,
    3.9683,
    13.4052,
    0.9934,
    3.1452,
    -1.0569,
    -7.7042,
    3.2538,
    -8.8286,
    2.0428,
    6.3267,
    -8.5874,
    -4.6875,
    -0.5339,
    -6.4471,
    4.1354,
    -4.0715,
    -26.7036,
    4.934,
    15.5071,
    -4.5041,
    13.8364,
    8.4619,
    2.5972,
    -0.7173,
    13.763,
    2.9703,
    -0.8837,
    9.327,
    4.6549,
    10.6241,
    0.4846,
    -8.0243,
    5.0241,
    1.0422,
    -4.9777,
    3.1964,
    -1.0781,
    5.3193,
    6.461,
    11.1573,
    1.419,
    -1.904,
    -0.9347,
    -4.6461,
    -4.9329,
    -14.5023,
    2.5333,
    -1.3419,
    10.1167,
    4.6991,
    -10.954,
    -8.0896,
    14.4749,
    5.2523,
    1.3524,
    2.8927,
    -7.5999,
    1.3823,
    4.5719,
    2.9524,
    -9.8224,
    5.3391,
    3.0514,
    -5.8294,
    2.3473,
    -3.0582,
    -9.222,
    4.5265,
    11.4676,
    9.4773,
    1.8276,
    11.1035,
    0.377,
    0.946,
    -2.1398,
    3.7621,
    -2.14,
    4.4373,
    -8.1737,
    6.4084,
    -0.878,
    8.6679,
    -2.0739,
    6.361,
    6.6403,
    -15.7157,
    -3.2448,
    0.7135,
    9.5014,
    10.2116,
    -1.937,
    -5.3323,
    7.368,
    -7.043,
    -4.1886,
    14.9457,
    2.6086,
    2.6257,
    13.0521,
    9.8426,
    -3.9899,
    8.8894,
    4.7047,
    5.6261,
    6.797,
    0.9911,
    -5.4089,
    5.1887,
    5.3575,
    6.4257,
    -2.0515,
    4.118,
    -16.4214,
    0.2772,
    -3.5865,
    -4.3646,
    1.7069,
    -4.6242,
    -0.6147,
    -0.6,
    -13.9334,
    -6.5032,
    -4.3969,
    -7.9732,
    -1.1229,
    -0.8229,
    0.3873,
    -1.3799,
    -9.0519,
    13.1418,
    3.1935,
    3.3489,
    -4.6205,
    0.8386,
    -15.9329,
    -16.4589,
    8.7392,
    -7.9123,
    1.8021,
    3.457,
    -8.3941,
    10.4105,
    -7.3123,
    2.1616,
    -0.3101,
    2.4106,
    -1.2053,
    10.8686,
    -11.1787,
    -9.9875,
    -5.6481,
    7.3749,
    -16.7507,
    3.9249,
    -15.8189,
    0.4411,
    6.7865,
    0.6979,
    -4.4492,
    -7.6903,
    15.8175,
    10.3294,
    -4.614,
    5.7913,
    5.3688,
    10.5625,
    23.4909,
    -0.6484,
    -1.2921,
    9.9371,
    -0.7812,
    0.5967,
    -8.852,
    15.6622,
    4.398,
    -6.0371,
    5.5924,
    -2.724,
    0.8978,
    -3.8651,
    -9.4906,
    -1.5807,
    -1.1908,
    1.0876,
    5.6215,
    3.143,
    0.2801,
    0.5352,
    -5.4294,
    3.9929,
    7.207,
    -14.0443,
    0.5214,
    -7.2905,
    5.8893,
    2.894,
    2.3098,
    -9.1687,
    10.0065,
    3.8093,
    -6.079,
    10.0622,
    -6.3271,
    7.0785,
    1.3556,
    1.9975,
    -1.3668,
    3.8299,
    -2.4266,
    2.3225,
    -3.2142,
    -5.4358,
    -7.4866,
    -16.2752,
    -6.6856,
    -3.347,
    1.2339,
    4.1585,
    -1.2091,
    -10.2994,
    -12.2227,
    3.2398,
    -1.0229,
    10.833,
    13.9039,
    -6.4333,
    5.2792,
    -3.8148,
    1.2964,
    7.0098,
    5.3851,
    -7.306,
    -3.592,
    3.7547,
    -22.0827,
    1.7085,
    -2.825,
    7.4944,
    -7.6203,
    -5.6112,
    -11.4549,
    2.2119,
    -5.7053,
    5.7894,
    -5.256,
    5.787,
    -0.1437,
    3.5378,
    3.3881,
    -12.4467,
    -6.9195,
    8.7551,
    14.4664,
    2.0752,
    5.766,
    5.3481,
    1.9502,
    3.2964,
    1.7938,
    -3.0005,
    -5.4346,
    -3.4563,
    0.3839,
    -2.2194,
    1.2929,
    -3.8781,
    -16.3705,
    1.8572,
    1.0774,
    -4.5235,
    -7.1838,
    14.1197,
    -0.552,
    -4.8514,
    -13.9731,
    -5.7179,
    -6.6877,
    1.4259,
    7.3194,
    5.1859,
    -4.2041,
    5.5084,
    -0.5012,
    11.528,
    6.6764,
    11.728,
    -1.4419,
    -8.8899,
    -2.9709,
    -3.7318,
    -1.2043,
    3.5977,
    -2.3312,
    -4.894,
    -2.5751,
    8.0669,
    -2.0646,
    -4.6413,
    0.5086,
    0.8147,
    -14.5054,
    -7.5502,
    -0.0632,
    -12.1129,
    0.8561,
    -3.2462,
    -0.7021,
    11.6492,
    -9.1896,
    -2.9167,
    -2.1461,
    3.5252,
    3.4012,
    -23.3951,
    12.4008,
    13.7347,
    -11.1885,
    7.0605,
    5.1323,
    -8.7438,
    -7.5593,
    1.522,
    2.0621,
    9.2138,
    -13.0483,
    -2.6513,
    -7.5527,
    4.1246,
    -18.1015,
    -13.7294,
    -9.7561,
    5.6554,
    -4.9521,
    5.8233,
    17.4439,
    -8.0512,
    -4.6192,
    -3.7087,
    7.1399,
    2.1191,
    3.7769,
    2.3397,
    4.9797,
    -4.8776,
    3.4498,
    -10.9906,
    3.8956,
    -3.6959,
    -6.3709,
    0.4856,
    1.4256,
    7.8364,
    2.5114,
    7.5458,
    9.0832,
    5.5101,
    -2.7391,
    -11.5187,
    -0.1381,
    -22.4205,
    -16.5439,
    4.0042,
    7.7092,
    -8.8078,
    -3.0374,
    1.6328,
    -8.332,
    6.6917,
    17.8221,
    6.3376,
    6.294,
    -4.9981,
    -1.991,
    1.8298,
    -8.6549,
    -6.6766,
    1.4667,
    3.5793,
    8.0064,
    -1.7051,
    1.9219,
    -8.4715,
    4.3955,
    -2.9181,
    -8.5905,
    -0.7783,
    9.375,
    5.3008,
    0.1779,
    6.4874,
    -9.4441,
    -9.2424,
    10.0551,
    0.1805,
    -5.1832,
    8.51,
    -2.3156,
    -0.738,
    -2.3943,
    0.1486,
    -2.0528,
    7.2193,
    1.6259,
    -0.3551,
    1.9292,
    4.9094,
    7.8239,
    -19.3555,
    7.0193,
    9.6321,
    -3.0414,
    9.5442,
    5.5644,
    8.6597,
    3.5767,
    -6.2202,
    5.1745,
    -5.7686,
    -0.6248,
    3.1666,
    -13.6528,
    1.6095,
    -5.976,
    -19.75,
    12.3121,
    -2.2022,
    -0.6244,
    -11.848,
    0.916,
    18.5116,
    -3.9583,
    12.4844,
    -9.2077,
    -7.8325,
    -1.5154,
    10.7862,
    1.3155,
    4.8181,
    -4.9137,
    -4.5108,
    -8.3779,
    2.945,
    11.1042,
    2.9188,
    7.3205,
    4.5343,
    -4.7733,
    -2.9021,
    0.2465,
    -14.8299,
    -1.8348,
    7.3147,
    -6.2507,
    1.5524,
    -8.2244,
    -3.717,
    -5.0589,
    1.9162,
    -3.4145,
    -8.0204,
    -6.7952,
    -5.7751,
    5.2871,
    -2.6616,
    6.2153,
    1.0275,
    -8.8669,
    4.7008,
    2.2791,
    2.2132,
    3.3487,
    11.3239,
    -1.7097,
    -10.9089,
    -4.7221,
    2.2703,
    6.5432,
    -3.0613,
    1.3627,
    3.9023,
    -12.9477,
    -11.3087,
    -2.7358,
    -9.0547,
    -5.6956,
    0.6355,
    18.5547,
    11.2949,
    6.8918,
    -0.6303,
    -2.8584,
    2.253,
    1.4897,
    -4.1544,
    -2.0526,
    -3.2795,
    3.3479,
    4.3353,
    5.7459,
    -15.1977,
    5.6765,
    3.7149,
    7.1217,
    2.8301,
    -3.5604,
    -8.173,
    0.9406,
    1.0116,
    -4.4312,
    -1.3141,
    -5.6545,
    14.0954,
    -13.8522,
    -18.9285,
    3.1597,
    2.9428,
    -10.4318,
    -3.0256,
    -12.6313,
    2.7399,
    -1.4448,
    8.6741,
    5.1413,
    6.7846,
    0.5396,
    6.3895,
    -0.0106,
    -10.0032,
    16.7723,
    1.8411,
    9.9939,
    -15.0819,
    -6.2766,
    -7.982,
    -5.4397,
    -15.7844,
    -5.8113,
    -2.1347,
    -9.5634,
    -3.1991,
    -14.14,
    -4.8327,
    -0.5157,
    -1.7094,
    -1.2512,
    9.6642,
    2.7246,
    -11.1144,
    -5.6552,
    -2.6741,
    -1.3692,
    -6.8591,
    -1.3753,
    4.3544,
    -1.21,
    -5.919,
    -0.2494,
    -9.215,
    5.3177,
    12.3866,
    5.2563,
    -13.2923,
    -11.8953,
    6.5132,
    -1.6278,
    0.9563,
    -4.4369,
    3.3986,
    -0.8446,
    0.1948,
    5.1901,
    8.2977,
    -0.1356,
    4.6419,
    10.5402,
    -14.4955,
    1.6523,
    4.2525,
    -5.3425,
    -2.2619,
    -7.0158,
    -7.5191,
    2.0753,
    -4.4036,
    -14.347,
    -1.7393,
    -5.4437,
    -5.4456,
    -1.0381,
    -6.3971,
    -8.8806,
    1.6505,
    -14.8873,
    -7.6039,
    -1.1543,
    1.3772,
    10.1312,
    9.2095,
    -5.7788,
    -9.5393,
    -1.2609,
    2.1436,
    1.9981,
    -3.6236,
    -9.3521,
    16.5792,
    11.6934,
    -0.9247,
    2.6597,
    -1.669,
    13.3807,
    -8.075,
    8.4251,
    -1.6519,
    7.1743,
    -9.1847,
    -4.6655,
    2.0545,
    -9.9421,
    -10.2872,
    -1.9987,
    11.3442,
    5.0506,
    -0.6661,
    3.4135,
    -4.8726,
    2.2569,
    9.1967,
    0.1159,
    -6.3689,
    8.3585,
    11.8474,
    -13.9416,
    9.0163,
    -1.2077,
    4.6219,
    -21.3258,
    8.3458,
    4.648,
    2.5289,
    3.4179,
    11.3791,
    -4.3406,
    8.4382,
    -2.3301,
    2.5378,
    -15.8814,
    -2.1261,
    6.2689,
    -0.9621,
    8.0703,
    11.2358,
    9.4047,
    14.8699,
    1.9604,
    -6.9186,
    -1.5946,
    5.5811,
    0.2045,
    6.65,
    -0.1729,
    2.2421,
    14.4155,
    -13.2447,
    -7.3827,
    33.6305,
    -0.067,
    -6.7393,
    -1.2226,
    -10.0808,
    -7.3037,
    2.2441,
    -3.1569,
    9.3113,
    -10.2918,
    -13.9797,
    -4.9164,
    7.795,
    -4.2989,
    9.3148,
    9.5067,
    -16.0452,
    4.4179,
    1.2464,
    9.7111,
    5.8944,
    10.4151,
    -11.8218,
    -12.2049,
    2.9384,
    6.5421,
    1.9485,
    -1.4074,
    -2.1703,
    -17.1673,
    -17.0169,
    -0.3768,
    -3.0121,
    5.4589,
    2.8189,
    2.9999,
    6.4264,
    0.8266,
    6.0647,
    0.9245,
    -9.9394,
    4.1941,
    0.7531,
    3.7891,
    7.8945,
    0.5067,
    8.8183,
    -6.5771,
    -2.7119,
    2.2554,
    -1.9022,
    7.1236,
    5.6688,
    5.9979,
    -10.072,
    -7.4146,
    4.0977,
    1.626,
    4.9369,
    6.1814,
    -10.3446,
    -7.2202,
    4.8482,
    4.7817,
    -8.2271,
    7.4655,
    -10.2573,
    13.6011,
    3.6685,
    -7.2088,
    2.7909,
    17.3492,
    5.9207,
    0.3987,
    -7.1593,
    0.9894,
    -6.2818,
    -2.2884,
    -1.0178,
    11.8225,
    3.9906,
    -10.8325,
    -9.5621,
    -10.975,
    -5.2241,
    2.1004,
    1.4909,
    14.1234,
    6.0021,
    6.7185,
    -0.4906,
    5.2792,
    13.503,
    -11.2312,
    -0.9869,
    6.2839,
    10.0764,
    -1.5015,
    6.2642,
    9.8712,
    -19.0232,
    -4.7948,
    -3.4322,
    2.1608,
    3.6606,
    -5.5246,
    1.372,
    8.5005,
    19.4179,
    0.3501,
    8.3814,
    -9.59,
    7.2359,
    -0.6724,
    9.6944,
    -6.0443,
    4.931,
    -4.3251,
    -7.9903,
    -2.8484,
    -8.4366,
    1.69,
    -11.5368,
    -1.3259,
    1.4996,
    4.8525,
    -0.1382,
    -17.7468,
    -6.8868,
    6.6321,
    11.4103,
    -0.5315,
    10.1533,
    -6.4603,
    -10.5083,
    10.4115,
    10.5146,
    6.8321,
    7.7154,
    -2.1581,
    10.6107,
    4.8078,
    13.5109,
    3.8162,
    -7.9807,
    7.0594,
    7.5344,
    11.2173,
    -20.1331,
    4.0864,
    2.8069,
    4.2391,
    -6.9615,
    -2.05,
    -3.2778,
    -1.3016,
    2.8899,
    4.1859,
    -15.4816,
    -8.4981,
    12.4117,
    -3.732,
    -6.9531,
    4.9193,
    -3.9202,
    -10.4204,
    5.4777,
    -2.0298,
    14.7292,
    -6.1534,
    1.1709,
    2.5947,
    1.1032,
    -6.9652,
    -9.7667,
    1.8091,
    6.6175,
    -5.065,
    -12.5117,
    -7.7886,
    7.149,
    1.3661,
    8.7387,
    2.0652,
    -2.9024,
    15.9547,
    -13.7963,
    2.2012,
    -1.6437,
    9.5822,
    13.4315,
    -4.6885,
    -15.2848,
    12.3778,
    -13.8407,
    19.5145,
    16.6015,
    -3.5091,
    -14.4972,
    -4.5475,
    1.6133,
    -4.0745,
    -12.1179,
    3.0147,
    -5.6872,
    -7.6405,
    8.07,
    -1.8016,
    -15.6695,
    -2.9453,
    7.5653,
    5.3756,
    -16.8967,
    8.2415,
    13.797,
    -7.7117,
    4.3212,
    3.0355,
    9.3496,
    4.8352,
    1.3807,
    1.2634,
    2.6801,
    -6.1271,
    11.7062,
    -4.9988,
    -4.7181,
    -7.783,
    5.749,
    3.534,
    12.1419,
    -0.8838,
    6.8899,
    1.2847,
    5.8021,
    3.1792,
    14.8787,
    -20.381,
    18.2026,
    -2.7369,
    -9.1964,
    -5.5466,
    9.6287,
    6.8244,
    22.6515,
    -10.1399,
    2.189,
    0.966,
    11.0679,
    -9.0728,
    -4.9467,
    -15.9349,
    1.6085,
    -7.1466,
    -6.2126,
    -3.7394,
    4.0882,
    0.7719,
    -6.6558,
    9.8155,
    4.0008,
    4.2375,
    9.7296,
    11.8943,
    -5.2768,
    0.2429,
    2.8588,
    0.2915,
    8.164,
    3.8647,
    -2.4528,
    -5.2612,
    3.6659,
    -16.1203,
    4.559,
    11.2198,
    -9.7851,
    -5.5575,
    -11.8812,
    3.9916,
    9.2856,
    13.7024,
    -3.7048,
    -1.0782,
    -4.5657,
    -18.9068,
    -9.6875,
    -3.0804,
    -0.1586,
    -10.2675,
    -8.8291,
    11.326,
    -7.2315,
    1.1966,
    4.9762,
    13.077,
    -7.1457,
    3.3273,
    8.6098,
    5.7725,
    -7.3687,
    -0.3041,
    11.5978,
    7.3895,
    10.8711,
    -9.7198,
    12.0519,
    -0.9891,
    6.9048,
    -2.6098,
    -2.409,
    2.5011,
    10.6537,
    -7.0495,
    12.6663,
    -7.3701,
    7.9472,
    0.3168,
    2.1224,
    6.2082,
    2.4727,
    -1.9473,
    7.2258,
    -5.4478,
    9.1967,
    -5.2861,
    11.8775,
    -12.353,
    3.5557,
    2.7081,
    8.3004,
    -5.1404,
    10.5357,
    -2.9614,
    4.0372,
    -0.7326,
    -4.9775,
    -6.9727,
    -7.6226,
    -18.5004,
    1.2752,
    4.0305,
    6.7486,
    -4.1095,
    5.8761,
    4.6552,
    0.4726,
    -5.4299,
    4.4143,
    -1.0823,
    -4.4535,
    -7.2866,
    -4.2853,
    -6.4966,
    -8.6137,
    5.1778,
    3.9901,
    -1.0354,
    -7.8122,
    7.177,
    -13.5725,
    0.8242,
    -1.5782,
    -3.3165,
    -5.9843,
    11.9507,
    -3.1187,
    -1.9677,
    -0.6681,
    2.2647,
    -0.319,
    7.6758,
    -16.1785,
    -4.478,
    -3.1035,
    1.1033,
    0.6349,
    6.1442,
    -4.6715,
    -17.8117,
    14.7664,
    -10.5129,
    4.0223,
    -4.9872,
    0.9821,
    -13.0815,
    5.7149,
    10.7142,
    24.0728,
    1.1121,
    4.1245,
    -18.1977,
    -13.3758,
    1.3618,
    9.6482,
    -11.0369,
    -2.5705,
    8.9828,
    -3.5168,
    10.4805,
    8.536,
    -4.1008,
    11.9071,
    10.3773,
    24.0977,
    3.3975,
    2.2161,
    -3.2353,
    -1.3785,
    6.3701,
    -2.2293,
    17.6031,
    -3.8622,
    -5.2744,
    4.1161,
    -1.4503,
    -9.9192,
    -5.2448,
    -6.9608,
    -1.7046,
    -9.6322,
    11.3152,
    -4.5695,
    3.2603,
    5.4934,
    9.4249,
    17.4224,
    -1.2203,
    8.9341,
    3.6017,
    2.2484,
    4.5882,
    5.1103,
    -9.4586,
    5.2166,
    2.7189,
    18.7532,
    -0.5468,
    -10.4387,
    3.0744,
    8.5311,
    -4.001,
    1.1656,
    -7.9638,
    -10.8935,
    -8.6727,
    -5.8104,
    -10.7287,
    12.9978,
    -2.3105,
    -6.5158,
    -12.0198,
    3.4602,
    7.9383,
    8.2716,
    1.7059,
    -7.2538,
    0.3956,
    -3.3636,
    -3.534,
    -11.7146,
    -14.8984,
    -6.2831,
    -2.6115,
    -1.275,
    -0.871,
    -8.2267,
    -4.9951,
    11.1128,
    -1.9499,
    -9.0001,
    -3.7985,
    -2.0665,
    6.1759,
    -5.1068,
    -3.6325,
    1.2095,
    -12.2371,
    3.4229,
    1.1702,
    5.2488,
    -3.4734,
    8.6817,
    2.565,
    6.5016,
    -8.2518,
    3.2134,
    2.973,
    7.4583,
    6.9951,
    5.2887,
    -1.1683,
    18.7984,
    -12.3613,
    5.2411,
    7.3594,
    8.6677,
    2.2359,
    6.6913,
    4.5219,
    3.4922,
    1.7585,
    8.5734,
    2.5179,
    -0.6812,
    -4.936,
    5.7905,
    -19.2336,
    3.2,
    1.715,
    -4.6182,
    2.8909,
    3.3708,
    13.0612,
    8.7602,
    6.8154,
    -0.2032,
    13.834,
    -4.3479,
    13.8284,
    -4.1272,
    14.7289,
    1.318,
    -1.3262,
    -2.5262,
    -4.3575,
    -6.2037,
    9.7889,
    -4.6539,
    -5.8671,
    4.5123,
    -7.2387,
    8.6466,
    -6.7276,
    7.9946,
    1.8774,
    6.2536,
    2.408,
    1.896,
    -7.988,
    15.7088,
    3.1352,
    -9.2431,
    -11.5435,
    6.1912,
    -0.803,
    3.2291,
    -3.0285,
    -3.0283,
    -6.6979,
    1.5493,
    2.738,
    7.9328,
    6.9928,
    -0.0564,
    -8.2752,
    -5.9944,
    -5.976,
    -1.2684,
    2.1073,
    -0.8984,
    20.7196,
    -4.5061,
    -4.588,
    1.7262,
    3.2147,
    -12.9436,
    -12.6065,
    8.2793,
    1.7144,
    2.6363,
    -7.7385,
    -0.9214,
    -6.3804,
    8.9214,
    -10.3354,
    -16.9814,
    15.5151,
    5.9159,
    -0.7597,
    -3.85,
    6.9997,
    0.1826,
    8.3739,
    10.0841,
    1.2974,
    4.7515,
    -3.535,
    -2.0808,
    -8.1568,
    -0.3362,
    1.4052,
    0.3862,
    -7.5362,
    8.3013,
    4.2108,
    -1.8588,
    7.4588,
    -0.6446,
    15.9163,
    10.0605,
    -8.8478,
    1.4583,
    -6.163,
    -4.0522,
    7.0809,
    0.2158,
    2.2016,
    -2.8211,
    19.2127,
    -11.8713,
    -10.7538,
    -3.4679,
    -4.978,
    1.725,
    7.9324,
    -0.6057,
    -2.3242,
    -0.611,
    -1.3889,
    12.1798,
    -9.3513,
    5.0432,
    -6.4501,
    -9.9515,
    -17.7059,
    -11.7997,
    -4.894,
    -5.4186,
    -13.1638,
    -7.644,
    -2.5921,
    -2.8512,
    -2.2945,
    -2.5666,
    0.969,
    2.2642,
    10.437,
    -13.5404,
    -7.9431,
    -0.5611,
    -2.5935,
    6.2861,
    3.3188,
    7.436,
    -18.6354,
    8.9167,
    -6.0717,
    -16.659,
    1.3057,
    -1.3335,
    -16.1523,
    14.0243,
    3.0235,
    12.9477,
    -12.5725,
    -3.2357,
    12.1452,
    9.2625,
    -3.3403,
    -2.0994,
    2.6489,
    -0.3269,
    7.4348,
    1.9247,
    11.1851,
    -7.6605,
    10.9862,
    24.8294,
    -4.6106,
    -4.0384,
    0.9704,
    6.5766,
    8.0645,
    1.2178,
    4.8291,
    5.1294,
    -6.2704,
    1.989,
    4.4084,
    0.0935,
    -11.2627,
    5.4951,
    -3.0442,
    3.6592,
    2.3083,
    -14.1496,
    2.7382,
    -4.2797,
    -1.8362,
    -8.6115,
    -5.8553,
    -6.8793,
    -1.3498,
    10.2153,
    14.1307,
    -3.8771,
    1.8231,
    8.283,
    -0.7461,
    0.6134,
    -12.8456,
    10.7007,
    13.6018,
    8.3961,
    6.6848,
    -10.5207,
    -9.7923,
    -3.1787,
    5.0984,
    5.1338,
    -2.5548,
    2.2321,
    6.6146,
    -0.3813,
    11.9741,
    1.9914,
    0.0951,
    12.4564,
    10.8733,
    1.7063,
    5.1892,
    9.7616,
    -14.3161,
    -13.5391,
    13.8545,
    -0.6198,
    17.6693,
    8.5002,
    -0.5774,
    17.1839,
    7.9696,
    -14.0948,
    3.3645,
    3.4818,
    0.8326,
    5.4858,
    -3.4314,
    -6.7765,
    -0.1491,
    -8.6551,
    0.5921,
    3.6492,
    -5.1816,
    0.359,
    6.3698,
    -0.9962,
    -4.0223,
    8.3559,
    8.6967,
    5.3602,
    -1.2475,
    2.3058,
    -5.1055,
    5.4065,
    5.143,
    6.0481,
    -5.8911,
    4.9494,
    -3.0149,
    0.8196,
    -9.6746,
    9.1684,
    1.9638,
    -8.3753,
    -14.7345,
    -2.1852,
    -2.3133,
    -14.7001,
    -5.5106,
    -8.5566,
    3.9977,
    -6.1337,
    10.649,
    -2.0378,
    0.5363,
    3.248,
    0.5386,
    -1.6898,
    5.57,
    6.1355,
    -0.7068,
    -9.42,
    4.0036,
    0.8209,
    3.5176,
    -4.5418,
    -13.3712,
    -5.443,
    -0.2944,
    -5.1818,
    11.1484,
    6.0048,
    -9.1243,
    3.0223,
    6.9068,
    -1.4489,
    3.593,
    -5.234,
    -9.3774,
    8.8443,
    0.3106,
    4.4621,
    -3.4905,
    9.5234,
    5.5203,
    9.2655,
    -4.6564,
    -17.401,
    -13.0514,
    2.1489,
    6.6533,
    -13.2629,
    11.3252,
    19.0563,
    -0.8277,
    -7.9472,
    -4.743,
    4.0553,
    -12.5067,
    -1.3263,
    1.7743,
    9.0587,
    0.8701,
    -3.8944,
    -8.8359,
    6.044,
    -5.9318,
    -11.9941,
    4.6045,
    -11.2048,
    8.1419,
    -2.0188,
    10.5313,
    13.9996,
    5.9375,
    0.8525,
    9.8942,
    1.3464,
    -8.5303,
    -8.0944,
    8.5422,
    24.5127,
    6.038,
    -10.5435,
    -12.9485,
    1.0246,
    1.9052,
    -4.7468,
    -7.5517,
    2.2146,
    7.7784,
    8.3592,
    -11.965,
    10.1773,
    9.3143,
    -1.576,
    4.6826,
    -13.7739,
    -2.109,
    -4.4918,
    -3.2768,
    10.3805,
    2.0127,
    -13.5404,
    -10.7442,
    -3.2417,
    -11.8341,
    -12.5273,
    9.6981,
    5.5347,
    11.6818,
    -16.555,
    -10.4309,
    -3.4404,
    -21.6356,
    9.2326,
    12.256,
    2.3067,
    10.9301,
    -5.7218,
    -7.4517,
    6.7696,
    4.4961,
    -15.2715,
    -6.1997,
    4.1774,
    -4.5941,
    -2.7559,
    19.63,
    1.0993,
    -0.2459,
    -4.3324,
    5.2018,
    1.4607,
    -0.3546,
    2.3728,
    1.1841,
    -1.9501,
    11.171,
    3.8349,
    1.5165,
    3.4749,
    6.8081,
    0.3849,
    -1.607,
    -3.5454,
    11.3761,
    -1.1102,
    5.2777,
    14.4605,
    8.2721,
    -5.0259,
    3.0889,
    5.2902,
    -11.9552,
    -9.2638,
    -19.727,
    5.6339,
    11.914,
    8.1377,
    13.403,
    -1.884,
    16.3044,
    -5.509,
    6.5263,
    -4.5568,
    10.3757,
    -5.7091,
    12.8976,
    -6.5689,
    2.1321,
    -1.7285,
    -2.7236,
    -3.5684,
    -10.1337,
    11.5247,
    -8.1064,
    16.4452,
    0.27,
    1.0155,
    6.6542,
    6.1947,
    -9.1191,
    -10.4753,
    9.506,
    -3.7682,
    -1.2643,
    1.9729,
    -3.1539,
    17.4737,
    2.8428,
    3.5515,
    -6.0514,
    4.8864,
    1.1758,
    0.4529,
    7.2088,
    0.8509,
    5.6427,
    14.178,
    -9.0151,
    1.7045,
    -1.2803,
    11.3903,
    0.7375,
    -15.3868,
    -13.8659,
    -0.8224,
    -13.1738,
    12.1871,
    -13.2827,
    1.3045,
    15.0297,
    6.0362,
    1.1446,
    -1.4702,
    6.1145,
    8.3696,
    1.8844,
    -0.2536,
    -14.7812,
    -16.2402,
    1.4737,
    -7.9744,
    -4.3232,
    -1.8264,
    -6.8587,
    -10.6737,
    0.8179,
    -0.7527,
    2.3109,
    10.2223,
    1.6013,
    1.3404,
    -4.2955,
    -6.6379,
    23.2741,
    -3.2422,
    -0.6314,
    8.8732,
    6.5414,
    -1.7354,
    -1.5465,
    -9.1675,
    -2.3175,
    -7.8679,
    -4.7755,
    3.3511,
    -1.0756,
    4.7213,
    -9.3995,
    -23.393,
    -4.9087,
    2.3138,
    -4.3749,
    7.6739,
    -15.3932,
    -9.0413,
    2.3445,
    1.7114,
    1.2253,
    2.7122,
    -3.46,
    -5.2344,
    -2.7761,
    12.3001,
    2.3253,
    -6.1736,
    -9.0274,
    1.0849,
    8.0064,
    -3.0351,
    -8.1897,
    3.2487,
    -1.2416,
    -0.1163,
    -17.6086,
    5.6597,
    -1.6024,
    15.2111,
    -4.1838,
    2.6708,
    -6.4903,
    -1.6731,
    -3.4707,
    2.6004,
    -11.5866,
    11.2627,
    9.7584,
    -6.3764,
    -1.7842,
    -4.8491,
    -3.008,
    -8.5781,
    -5.8185,
    -6.2045,
    10.8915,
    19.5522,
    0.4646,
    -6.0813,
    9.7807,
    -0.5288,
    -5.8967,
    -12.6503,
    -9.3852,
    -10.1635,
    1.3244,
    -13.5134,
    2.5727,
    13.2485,
    1.7314,
    -2.8402,
    3.7881,
    7.9123,
    -1.3028,
    -15.8755,
    -2.5692,
    17.0924,
    4.3815,
    -4.4729,
    8.2548,
    -1.2588,
    8.5328,
    6.4737,
    -3.7729,
    -10.7403,
    8.6053,
    -1.9849,
    -5.4577,
    1.7913,
    0.0631,
    -7.2923,
    -6.7293,
    -13.5233,
    -3.0953,
    -14.9473,
    1.7444,
    -7.2505,
    -9.4517,
    -0.0906,
    2.184,
    -1.3875,
    -1.6702,
    2.7962,
    -3.1037,
    4.3251,
    -7.1403,
    6.2776,
    0.538,
    -4.1644,
    2.0798,
    4.6946,
    8.5288,
    7.561,
    5.5373,
    5.8147,
    12.3024,
    -0.5818,
    -11.1847,
    -7.4953,
    6.2613,
    4.2245,
    -10.0767,
    14.8209,
    10.6695,
    9.0362,
    9.159,
    9.2578,
    -6.8884,
    5.5824,
    6.5175,
    11.0693,
    -4.8635,
    -5.341,
    -8.9206,
    -6.7952,
    1.2053,
    8.0289,
    -5.7858,
    -9.0682,
    0.8631,
    -7.0507,
    -9.3583,
    6.6504,
    0.3946,
    -8.0803,
    -12.0132,
    -6.9307,
    15.5204,
    -7.1848,
    -5.7879,
    5.3851,
    -12.0334,
    2.9244,
    9.457,
    5.778,
    6.7964,
    4.0666,
    9.7398,
    -5.8247,
    5.3714,
    14.2456,
    9.6916,
    5.7165,
    9.8628,
    0.7428,
    -9.4435,
    -0.6457,
    -12.7673,
    -3.9431,
    -4.426,
    -1.7891,
    5.7815,
    -1.6541,
    -10.9274,
    12.6347,
    -8.3144,
    2.0687,
    -6.8669,
    -4.9364,
    -10.9604,
    7.5295,
    4.2903,
    -6.6486,
    0.7148,
    -5.9514,
    6.7017,
    -9.6667,
    -0.5103,
    2.6238,
    -2.6502,
    2.1121,
    8.6786,
    -4.5406,
    10.6516,
    -1.3798,
    4.9853,
    2.2328,
    -0.9525,
    -1.0892,
    -2.2855,
    6.416,
    -5.4969,
    -1.1339,
    1.0395,
    4.2778,
    -0.7178,
    -8.3968,
    4.9251,
    -10.6178,
    1.2442,
    3.603,
    2.1248,
    -12.8094,
    -12.8312,
    -1.3927,
    7.8447,
    11.5999,
    -1.2237,
    6.4514,
    -4.6725,
    -13.0996,
    0.4421,
    9.0638,
    3.8271,
    7.5206,
    3.5412,
    6.3886,
    -8.6643,
    11.8267,
    2.9964,
    -4.9473,
    -6.9962,
    -10.1282,
    0.1293,
    -7.4213,
    2.2749,
    4.0347,
    7.4197,
    -1.6364,
    8.5279,
    15.1271,
    -13.9418,
    19.8991,
    -0.8693,
    -6.3053,
    2.012,
    6.4592,
    -6.9798,
    0.0575,
    -4.6124,
    13.1454,
    2.4277,
    -7.1022,
    -11.217,
    11.64,
    0.0157,
    4.8946,
    -2.1584,
    -12.4123,
    9.872,
    9.8227,
    -6.2073,
    -1.1951,
    2.1736,
    8.2858,
    -4.2353,
    20.6015,
    2.9987,
    7.0823,
    -8.2567,
    -16.9943,
    0.8267,
    -1.593,
    -0.2755,
    -4.9089,
    -2.9078,
    0.277,
    4.953,
    -0.4947,
    -0.4561,
    6.9217,
    -12.9732,
    -9.5028,
    -11.6894,
    -3.4204,
    -5.0916,
    -9.5948,
    -3.8214,
    -5.9632,
    -5.1684,
    5.0875,
    5.1063,
    1.7909,
    6.8148,
    1.5997,
    -17.5413,
    10.8709,
    -0.8792,
    -13.3362,
    2.4258,
    -0.2659,
    14.8784,
    2.8105,
    1.066,
    14.6272,
    -3.886,
    23.3768,
    -1.2438,
    7.7138,
    16.703,
    11.2602,
    -16.1767,
    13.2289,
    -0.6435,
    -5.5851,
    7.5273,
    1.0463,
    2.9118,
    -0.9917,
    10.2389,
    -1.5716,
    -6.3459,
    -13.0191,
    5.0006,
    11.8105,
    -2.0023,
    15.6501,
    -1.3031,
    4.1198,
    -0.238,
    20.8538,
    -5.9226,
    3.8134,
    -8.2426,
    -1.7281,
    -7.3863,
    -0.2559,
    12.7935,
    2.2888,
    8.2164,
    -5.6182,
    0.3693,
    6.9184,
    5.1328,
    2.0947,
    -3.0175,
    -4.9105,
    -2.3342,
    2.8562,
    -1.6072,
    5.3453,
    3.5898,
    -3.1169,
    -10.0237,
    8.5593,
    -3.1423,
    -10.6786,
    -21.6719,
    4.484,
    -0.1667,
    -20.7905,
    3.4994,
    -1.3347,
    1.4941,
    -1.1143,
    -2.9488,
    2.5889,
    20.6254,
    3.3278,
    2.0666,
    -3.7754,
    3.3661,
    4.2655,
    -4.731,
    -1.9976,
    -4.9586,
    -1.677,
    11.9551,
    -7.769,
    4.9188,
    -21.289,
    -1.3886,
    -1.7574,
    3.4469,
    11.8677,
    -13.104,
    1.674,
    5.1787,
    1.8484,
    -1.3736,
    -3.9903,
    4.4223,
    -5.804,
    -3.1543,
    -0.1416,
    2.0767,
    -20.07,
    3.7439,
    12.5543,
    6.2,
    -2.421,
    -6.9348,
    -8.4636,
    -5.324,
    -8.0611,
    -8.7671,
    2.7828,
    -0.9659,
    -11.8704,
    4.9985,
    9.9442,
    -0.9439,
    -0.6638,
    -4.054,
    -1.1145,
    9.4753,
    -9.9209,
    -15.2894,
    3.9461,
    -9.0879,
    4.0861,
    0.3412,
    2.5353,
    13.7087,
    5.2958,
    -9.3746,
    -4.1179,
    -5.8078,
    9.5233,
    -1.1833,
    -9.6505,
    -8.9554,
    -14.005,
    5.407,
    2.3408,
    4.3149,
    -20.3105,
    4.3216,
    0.8396,
    1.852,
    8.3372,
    -9.75,
    -5.9896,
    -0.4181,
    9.2928,
    -7.1684,
    3.2541,
    10.1685,
    -14.7015,
    -1.9501,
    -7.4449,
    6.5145,
    -1.9172,
    -9.1831,
    -3.745,
    13.3746,
    2.7453,
    16.0662,
    5.9351,
    5.7118,
    0.3215,
    -6.5709,
    -4.533,
    2.6359,
    0.5784,
    10.9798,
    -16.9528,
    -1.9236,
    0.7988,
    14.2195,
    -13.4398,
    5.3252,
    -5.4225,
    12.0582,
    1.6403,
    12.5653,
    -5.3799,
    8.8619,
    -8.8348,
    -4.2734,
    -3.0116,
    16.4814,
    -11.5917,
    -1.277,
    1.6203,
    -2.1861,
    4.8403,
    5.2779,
    1.3143,
    -4.859,
    13.5794,
    3.6471,
    -1.6155,
    -2.2534,
    1.3398,
    -10.1928,
    -10.2937,
    5.8627,
    3.2477,
    10.6697,
    12.1433,
    16.105,
    -15.1561,
    1.2476,
    -1.4647,
    -4.0046,
    -6.7769,
    18.1462,
    -2.1916,
    3.3979,
    2.1589,
    2.817,
    -7.7911,
    -6.7401,
    -0.437,
    8.456,
    8.8238,
    -1.4164,
    -0.1803,
    -0.5139,
    -10.5252,
    -3.6115,
    -6.6334,
    1.453,
    0.1693,
    6.0965,
    8.5706,
    3.6582,
    10.1891,
    0.1319,
    4.8536,
    2.9606,
    -15.6754,
    -16.1757,
    9.2706,
    -15.1773,
    -14.0369,
    -2.6438,
    4.5743,
    13.5881,
    11.7167,
    6.807,
    3.9958,
    5.1838,
    -3.2747,
    2.2399,
    -19.3601,
    -5.3099,
    -7.2262,
    0.7637,
    -14.8969,
    -1.7076,
    5.5159,
    2.4945,
    5.1077,
    -13.7674,
    1.2006,
    -2.5174,
    8.4993,
    6.5755,
    -9.0198,
    -12.6155,
    -7.4219,
    -3.6623,
    -17.1214,
    -6.4737,
    7.354,
    5.025,
    0.7029,
    4.2262,
    7.8579,
    0.0371,
    12.3873,
    10.9632,
    -8.1507,
    5.3112,
    6.3968,
    9.0439,
    1.3125,
    -10.3489,
    9.2192,
    -4.0239,
    2.031,
    4.8493,
    7.7561,
    0.8456,
    -11.0324,
    -7.3194,
    -4.4819,
    -1.3253,
    7.4099,
    16.7608,
    -12.573,
    -1.7555,
    -23.0333,
    4.4135,
    -11.6076,
    -8.2974,
    13.5381,
    7.2865,
    2.4146,
    2.0965,
    11.8148,
    -16.4597,
    -11.4037,
    7.4057,
    2.4778,
    -16.0621,
    8.3614,
    23.5519,
    8.3001,
    7.578,
    -6.3864,
    0.9839,
    4.2998,
    4.5602,
    -0.4173,
    -1.6732,
    -5.2174,
    10.6502,
    1.193,
    -3.7045,
    -0.1349,
    -12.6798,
    0.9764,
    -2.0336,
    5.3897,
    -0.6033,
    1.6567,
    14.8834,
    7.3477,
    -7.2875,
    14.4626,
    -9.8826,
    1.5423,
    -6.8424,
    13.6603,
    13.1007,
    7.7663,
    -5.0213,
    1.6882,
    -0.9409,
    2.9048,
    6.7241,
    3.9804,
    -1.9837,
    -13.4118,
    14.2637,
    0.1491,
    8.6288,
    -3.33,
    -1.5871,
    3.7801,
    -0.4513,
    -3.7195,
    -6.6832,
    -5.2566,
    -3.9641,
    3.8755,
    0.5691,
    9.6113,
    -0.9934,
    1.9695,
    13.7962,
    3.8839,
    -8.2579,
    9.6531,
    -4.735,
    4.0722,
    8.644,
    2.7324,
    -10.8286,
    1.4073,
    12.1829,
    -4.8223,
    3.3822,
    -6.5957,
    1.6884,
    -4.1219,
    1.4926,
    4.0879,
    -6.3459,
    8.7491,
    -11.0049,
    -15.5055,
    12.2475,
    0.3953,
    13.1628,
    1.5828,
    -0.93,
    -10.799,
    -8.5048,
    4.5434,
    10.6516,
    6.5538,
    -1.002,
    -10.8033,
    21.987,
    8.2945,
    8.263,
    -18.366,
    -1.7678,
    -0.1395,
    -11.3491,
    6.8266,
    9.683,
    -4.0557,
    10.4432,
    0.6409,
    14.398,
    4.8736,
    -4.2839,
    -13.3805,
    2.1885,
    3.5336,
    11.2152,
    7.1349,
    -3.7471,
    4.6103,
    7.5852,
    12.7438,
    -1.0475,
    4.0541,
    13.8848,
    -0.9245,
    -3.4465,
    -2.7187,
    4.1612,
    1.8446,
    5.4166,
    1.2442,
    1.507,
    -3.1324,
    3.8933,
    0.142,
    6.2781,
    -21.0356,
    2.2311,
    -0.9844,
    -15.1285,
    6.2009,
    0.9205,
    2.0205,
    12.9214,
    3.4059,
    1.4831,
    1.3223,
    1.016,
    10.7361,
    -4.5225,
    -6.8282,
    4.6606,
    28.9936,
    7.4706,
    -2.571,
    5.8122,
    -5.7878,
    5.0222,
    -4.4591,
    -4.9512,
    -9.4976,
    -5.8295,
    6.7742,
    3.1098,
    -1.7778,
    11.2222,
    8.5124,
    -1.9228,
    -7.4727,
    -10.7086,
    5.989,
    3.4507,
    -11.9345,
    7.088,
    -5.0944,
    6.4853,
    8.9925,
    -8.6031,
    -2.0308,
    5.8645,
    0.6587,
    -16.0791,
    -3.322,
    8.0689,
    11.8721,
    16.362,
    6.8721,
    -2.6327,
    -7.626,
    6.3285,
    5.5099,
    -18.2466,
    -2.7965,
    -21.5565,
    -12.4166,
    11.318,
    -2.3839,
    -7.041,
    0.1177,
    3.177,
    -6.1303,
    -5.4603,
    -5.6246,
    -13.9988,
    2.7769,
    -12.7866,
    1.3485,
    4.4867,
    3.6639,
    -2.1495,
    -1.4799,
    7.6162,
    4.1901,
    -9.934,
    11.1346,
    2.7088,
    7.7493,
    7.6968,
    -2.4864,
    -4.0204,
    1.0979,
    -10.8901,
    2.3053,
    1.2569,
    -5.4639,
    4.6089,
    -8.5164,
    -9.6278,
    -1.7654,
    9.0186,
    3.4136,
    -2.1731,
    10.8461,
    7.1517,
    1.6588,
    0.3843,
    11.0457,
    -9.6147,
    -1.4856,
    -3.2094,
    -1.7035,
    1.6352,
    -10.6695,
    -3.0937,
    -3.2464,
    0.9186,
    11.7933,
    4.8963,
    -9.6961,
    4.3946,
    4.2337,
    -2.5733,
    2.1278,
    -4.8015,
    0.0975,
    -1.6772,
    8.4197,
    0.221,
    -9.5766,
    4.1618,
    7.4426,
    -5.6574,
    -16.4034,
    -12.7992,
    -9.6658,
    -3.6206,
    10.0084,
    -1.2143,
    -0.057,
    -8.1973,
    -7.8029,
    0.4212,
    -2.817,
    -10.8269,
    0.4563,
    -5.5118,
    2.478,
    1.2279,
    9.404,
    2.8268,
    5.2538,
    -4.8488,
    -4.6139,
    2.6729,
    -3.562,
    10.5375,
    11.3468,
    0.6076,
    0.406,
    -12.9788,
    -1.0653,
    -17.1449,
    2.8438,
    -3.6934,
    -17.1702,
    -12.2794,
    -4.4125,
    -1.3278,
    -0.9131,
    0.0018,
    12.6488,
    -12.4708,
    9.8222,
    9.8362,
    0.7992,
    -1.2522,
    -13.9301,
    2.9075,
    -16.5122,
    -10.2596,
    0.626,
    -8.5582,
    -9.1775,
    -5.1254,
    2.5335,
    10.3447,
    3.082,
    -4.6532,
    -3.1605,
    12.8979,
    -18.7396,
    11.5264,
    13.4658,
    -3.1118,
    -5.6745,
    -8.1415,
    6.6246,
    -0.7277,
    10.6946,
    -6.1558,
    -9.2855,
    2.7619,
    10.8123,
    3.3259,
    -4.4313,
    16.6623,
    -0.4048,
    -7.7263,
    -6.2891,
    -9.6477,
    -14.1962,
    -8.9438,
    -2.2846,
    -7.6428,
    -2.6966,
    -0.1959,
    -12.0405,
    -1.208,
    -0.3535,
    0.4131,
    -10.2107,
    18.2667,
    7.519,
    -0.4699,
    3.3593,
    -2.9636,
    -9.9095,
    0.082,
    9.5134,
    4.0215,
    -0.4303,
    11.3167,
    4.4052,
    4.8664,
    0.3447,
    -13.0358,
    -7.1736,
    6.5135,
    -8.9502,
    6.89,
    2.0788,
    -22.8617,
    3.9816,
    -3.8548,
    -5.2959,
    -13.7466,
    3.3699,
    7.9967,
    8.3752,
    2.6122,
    6.4317,
    -8.9139,
    9.7909,
    14.6522,
    -9.4307,
    -6.5725,
    -3.1873,
    4.5752,
    7.4992,
    1.89,
    -12.9522,
    -0.2631,
    8.4159,
    -4.5381,
    0.9461,
    10.5416,
    -9.1565,
    5.0161,
    9.1755,
    -6.9825,
    -8.415,
    -6.5189,
    -8.5413,
    -10.3921,
    9.192,
    -1.7581,
    -8.4057,
    4.0081,
    -1.3985,
    -6.1737,
    1.3618,
    -1.7184,
    -0.6521,
    -0.7884,
    0.8342,
    -0.353,
    -15.4414,
    20.4568,
    -7.1225,
    -19.9628,
    -7.8801,
    2.5785,
    13.3297,
    -0.9967,
    -5.7067,
    4.8985,
    6.6893,
    8.5483,
    -5.0633,
    0.8748,
    -7.9681,
    0.0911,
    1.2537,
    8.2995,
    -8.3552,
    -6.7518,
    17.4869,
    -0.8339,
    11.6284,
    0.9592,
    -6.2643,
    -2.9883,
    -8.0625,
    -1.5671,
    -3.1076,
    6.0496,
    8.574,
    12.3392,
    -10.6917,
    -10.7414,
    2.7837,
    -4.1476,
    -4.7294,
    -2.6676,
    -5.2693,
    5.5935,
    0.0834,
    2.6999,
    3.2606,
    13.0107,
    0.2774,
    -7.6938,
    2.7697,
    -3.1391,
    1.861,
    1.36,
    10.4726,
    3.1663,
    4.1238,
    -10.9227,
    6.9981,
    -3.587,
    11.2692,
    4.5259,
    13.5579,
    -1.906,
    -3.9593,
    -4.7005,
    -8.5519,
    2.3563,
    -12.6221,
    13.4398,
    -2.5698,
    3.0047,
    -2.9973,
    11.5528,
    6.2948,
    -6.4907,
    -2.7482,
    -0.0174,
    -5.4722,
    2.19,
    -1.878,
    -8.5541,
    11.3718,
    -4.163,
    -2.7357,
    8.5487,
    11.9641,
    2.2159,
    -7.7108,
    -1.7942,
    5.0951,
    -8.389,
    -13.3455,
    2.4817,
    -1.6562,
    -12.0211,
    8.6413,
    1.1994,
    -6.996,
    -16.8011,
    -13.1444,
    -4.4651,
    -5.6772,
    5.7474,
    -3.4844,
    4.1745,
    9.5398,
    14.1105,
    -7.4521,
    -0.4498,
    6.3857,
    -17.8262,
    -2.4548,
    5.1312,
    6.4519,
    9.9454,
    -12.2703,
    -7.459,
    -3.5426,
    0.1255,
    0.6212,
    -1.5956,
    0.6833,
    -4.8734,
    0.1278,
    -8.8285,
    -3.2981,
    1.8821,
    3.4205,
    -8.6024,
    3.2448,
    -4.2684,
    1.7853,
    -2.206,
    0.6777,
    4.335,
    0.6323,
    2.5255,
    13.5442,
    5.3966,
    4.5254,
    -6.1937,
    -3.9839,
    -6.4023,
    -10.24,
    -2.5317,
    -7.3929,
    -8.4439,
    3.3421,
    23.5155,
    6.646,
    -0.0896,
    4.4459,
    -6.1203,
    2.3843,
    1.82,
    9.1534,
    0.8879,
    -8.2247,
    6.7515,
    7.6383,
    5.0641,
    -9.0732,
    5.9095,
    -6.734,
    4.7302,
    6.2397,
    -2.7832,
    -3.8081,
    -0.3559,
    12.101,
    -12.087,
    2.998,
    2.267,
    -5.0311,
    -0.4401,
    10.723,
    13.5125,
    5.5388,
    -8.1374,
    4.971,
    8.3331,
    2.3269,
    23.5264,
    6.171,
    3.2864,
    -15.0336,
    -0.9827,
    -8.2092,
    -7.8497,
    15.9583,
    -7.6901,
    -7.2608,
    1.2407,
    -2.9519,
    16.2309,
    -4.3574,
    -3.6377,
    -2.2464,
    1.214,
    -1.1278,
    12.6351,
    5.9276,
    4.7951,
    -4.9488,
    -6.9754,
    2.841,
    3.4944,
    -2.969,
    -2.167,
    2.4123,
    3.0832,
    12.5959,
    -7.8961,
    1.1172,
    3.3758,
    3.9291,
    7.5845,
    -3.3018,
    1.7604,
    8.9259,
    0.4412,
    -2.5051,
    4.3263,
    -3.924,
    -10.6816,
    -11.1035,
    -1.3479,
    2.9879,
    18.542,
    10.5861,
    -4.4103,
    -6.8208,
    -9.4395,
    -11.3377,
    14.9163,
    8.7307,
    16.4351,
    -17.4216,
    -6.6772,
    3.4833,
    1.7908,
    -5.9114,
    -8.0591,
    3.5699,
    3.8106,
    -4.6571,
    0.1968,
    -17.0609,
    1.5999,
    -8.6554,
    -15.8557,
    -0.3361,
    -1.4058,
    -9.6603,
    -2.5086,
    -7.6479,
    -7.961,
    8.4732,
    0.7505,
    -1.7924,
    -3.2234,
    4.313,
    0.8247,
    -1.1735,
    7.5616,
    11.1352,
    -8.9532,
    1.3143,
    -8.2524,
    4.6304,
    0.5257,
    -4.4031,
    1.9929,
    -1.8318,
    -7.0305,
    10.2323,
    -18.2282,
    -0.9631,
    -8.2893,
    1.4371,
    3.3025,
    8.2612,
    2.6808,
    7.2143,
    -10.3727,
    0.3355,
    4.7743,
    -7.3585,
    1.7485,
    -4.731,
    -2.7759,
    -18.8716,
    2.4423,
    14.1475,
    -14.2823,
    -2.9101,
    -3.2539,
    -8.2483,
    2.2534,
    9.0843,
    7.3552,
    3.3685,
    6.4434,
    -10.3271,
    -5.9926,
    2.1734,
    -13.304,
    9.4878,
    -16.9619,
    3.651,
    2.4967,
    4.0456,
    3.777,
    2.324,
    8.8146,
    -6.5687,
    -2.341,
    -19.8163,
    14.6198,
    0.3078,
    2.6496,
    -0.5105,
    18.2312,
    5.3496,
    -0.8548,
    5.6874,
    6.7939,
    4.5623,
    -14.8375,
    5.9619,
    -8.5495,
    5.571,
    2.1892,
    0.0257,
    4.187,
    -6.1838,
    4.3031,
    -10.0501,
    -3.9543,
    -5.3943,
    -11.1592,
    -8.4142,
    -0.1883,
    3.6611,
    6.9043,
    5.1969,
    9.6633,
    -2.658,
    0.2704,
    4.7035,
    4.7161,
    1.7263,
    1.0743,
    8.7803,
    -0.9307,
    1.6699,
    -2.7208,
    1.1548,
    -11.9003,
    -12.924,
    8.9693,
    -5.5086,
    -2.9455,
    3.5799,
    13.0712,
    -12.7636,
    0.8967,
    5.0388,
    7.01,
    -5.5487,
    11.7671,
    -18.9851,
    -2.6169,
    -9.307,
    1.4259,
    -4.1216,
    -2.2478,
    10.119,
    17.9794,
    3.2607,
    4.3031,
    -0.0935,
    -0.0954,
    8.5677,
    5.1562,
    -4.3441,
    17.7546,
    -10.0122,
    0.6252,
    0.5784,
    13.0938,
    14.0832,
    9.1101,
    -0.6312,
    4.7626,
    -10.7908,
    3.1192,
    -0.6434,
    5.4579,
    -2.1622,
    -4.1869,
    -0.6436,
    3.2987,
    0.9744,
    10.5811,
    -5.7039,
    3.0864,
    11.5029,
    6.9214,
    -6.4884,
    -2.237,
    1.1178,
    -7.1327,
    7.7506,
    11.0918,
    8.1483,
    -5.3693,
    -0.9538,
    12.9853,
    -2.1219,
    4.556,
    -9.7927,
    7.653,
    -1.6829,
    -5.4769,
    -12.5672,
    13.0648,
    9.802,
    -4.6255,
    -0.1412,
    -4.2142,
    -3.5715,
    18.2682,
    -3.9286,
    -5.5107,
    9.7212,
    4.744,
    -5.6743,
    0.7937,
    3.451,
    3.1155,
    7.2589,
    4.2053,
    1.6448,
    -9.7686,
    -2.9757,
    -7.231,
    -4.6671,
    -0.9829,
    -2.2444,
    -4.2531,
    -9.6603,
    -2.6932,
    8.3985,
    -4.518,
    1.112,
    -9.3535,
    0.8885,
    22.9445,
    -19.3509,
    -10.9316,
    -9.0407,
    4.346,
    10.2112,
    0.9688,
    18.2768,
    -10.6554,
    -12.0556,
    0.7652,
    -12.8561,
    0.9405,
    -3.5496,
    4.9678,
    8.0676,
    14.1692,
    3.5837,
    -1.162,
    14.9631,
    16.4853,
    -6.3329,
    -5.9918,
    0.7255,
    0.4205,
    1.0883,
    2.4338,
    -2.4614,
    -7.3679,
    7.9658,
    -3.7236,
    0.8651,
    6.5613,
    -7.4284,
    2.6062,
    10.69,
    -4.4688,
    -0.6841,
    1.7659,
    -12.3231,
    21.5465,
    -2.0648,
    15.3028,
    7.5066,
    -6.1928,
    3.6185,
    -2.4243,
    1.1267,
    -4.9675,
    6.9991,
    -17.0211,
    -18.6152,
    2.9723,
    0.1585,
    0.7085,
    -0.8007,
    9.0313,
    -5.7044,
    0.5871,
    8.745,
    -10.6286,
    11.6257,
    -6.2099,
    13.4119,
    -6.4523,
    10.8174,
    -9.1107,
    -11.0794,
    12.8982,
    6.5545,
    -8.571,
    -1.7314,
    -0.2697,
    -2.8131,
    -9.9026,
    -4.3341,
    -7.4753,
    6.6063,
    0.703,
    -3.2145,
    2.731,
    -1.0727,
    10.3894,
    0.3929,
    -8.199,
    -3.8441,
    -7.1257,
    7.3221,
    -6.6982,
    -19.8133,
    3.665,
    -11.6267,
    -6.745,
    7.3718,
    0.2808,
    1.5159,
    -0.4814,
    -4.7674,
    7.5531,
    2.0453,
    1.0887,
    -10.1503,
    -15.7668,
    -10.1983,
    -5.3786,
    0.5866,
    7.7386,
    -2.3636,
    1.1241,
    2.9174,
    14.8243,
    -20.4956,
    -1.5953,
    13.8657,
    6.2855,
    -1.9478,
    -7.2806,
    -0.6397,
    -8.134,
    4.551,
    -11.4299,
    1.3916,
    13.9243,
    -12.4198,
    -0.0347,
    9.1392,
    6.9961,
    -0.848,
    -2.8183,
    -2.1195,
    4.8069,
    8.4024,
    -11.9563,
    -8.4211,
    8.0681,
    1.0551,
    11.1897,
    -1.408,
    -2.6086,
    10.7443,
    9.6173,
    10.9078,
    -2.7245,
    17.0294,
    4.1244,
    -5.6153,
    0.6187,
    -1.5936,
    1.3453,
    14.2038,
    7.0304,
    -6.6125,
    6.9911,
    -0.427,
    1.4347,
    15.2776,
    -9.0122,
    13.2397,
    -0.5189,
    0.2763,
    1.7442,
    -14.3897,
    -10.4959,
    -16.8254,
    12.1791,
    15.2105,
    6.2592,
    -9.974,
    -1.1978,
    -1.9625,
    -1.6766,
    4.8924,
    3.4338,
    -3.465,
    7.6523,
    9.8882,
    -9.6079,
    -13.3703,
    10.2523,
    9.1798,
    0.479,
    -11.8889,
    -6.5559,
    -2.6732,
    -20.3916,
    14.038,
    0.4304,
    9.6426,
    0.0613,
    15.3647,
    -4.5125,
    12.357,
    -18.5387,
    -4.5619,
    7.0696,
    -9.9589,
    -2.8898,
    -10.3548,
    1.0025,
    1.3463,
    1.9156,
    10.0085,
    -1.2129,
    -8.8253,
    4.1972,
    5.0436,
    -5.987,
    7.0071,
    -3.0364,
    -1.9803,
    -12.8473,
    -4.0852,
    7.4148,
    -4.549,
    -9.3228,
    -2.1627,
    -7.5822,
    -4.7697,
    5.4655,
    8.3673,
    -1.5869,
    6.5906,
    1.1791,
    -5.5295,
    10.0488,
    9.0421,
    10.0639,
    -0.9169,
    5.7558,
    -5.5266,
    -3.8406,
    6.4843,
    0.8403,
    4.8804,
    8.0471,
    -3.9296,
    -10.5112,
    -0.7422,
    -9.5774,
    -6.3951,
    21.4213,
    9.267,
    -15.2345,
    9.6875,
    9.2738,
    3.2485,
    1.0146,
    1.6423,
    6.1667,
    -3.726,
    -2.4325,
    -17.5413,
    -10.3619,
    -6.0776,
    -2.9664,
    5.6274,
    0.7464,
    4.1028,
    -5.5282,
    -0.2463,
    10.1288,
    13.4034,
    11.8211,
    5.5646,
    12.0347,
    9.7055,
    2.0175,
    2.4993,
    3.2371,
    12.574,
    6.4885,
    7.1366,
    -3.6915,
    -7.4259,
    1.0589,
    0.4128,
    2.6008,
    -4.5368,
    -5.3304,
    -8.8493,
    -1.9176,
    8.6294,
    -8.0898,
    3.2979,
    4.3597,
    -15.6068,
    -10.6917,
    -17.859,
    -2.6171,
    1.4782,
    -12.8521,
    -12.3563,
    0.6819,
    -4.5518,
    2.2564,
    7.1227,
    2.2374,
    -5.6348,
    7.6254,
    -6.0435,
    -6.6377,
    -7.7249,
    -1.5528,
    5.7319,
    1.059,
    -12.4792,
    -1.8159,
    0.0042,
    -11.8341,
    3.7489,
    11.4694,
    -5.6493,
    -22.6279,
    5.6932,
    10.9215,
    10.2803,
    -0.2734,
    -0.105,
    -12.963,
    -18.1841,
    4.8784,
    4.6886,
    -2.6086,
    -2.3545,
    7.4033,
    17.638,
    10.4867,
    -5.4936,
    1.4347,
    2.9128,
    11.4367,
    -6.4458,
    -0.853,
    4.761,
    -7.8918,
    -7.115,
    -5.2473,
    -13.9461,
    -0.0177,
    6.6602,
    -0.2771,
    -1.223,
    3.6722,
    12.688,
    3.822,
    -2.3606,
    2.2864,
    0.0835,
    10.3832,
    -5.1682,
    -7.7724,
    1.2773,
    12.8476,
    -1.5388,
    14.3366,
    0.9988,
    6.0728,
    -2.9721,
    -3.5612,
    0.9096,
    -6.5849,
    3.2911,
    -3.247,
    10.0702,
    3.6663,
    9.6417,
    8.0705,
    -1.6188,
    -1.6941,
    13.5737,
    16.6503,
    0.0612,
    12.5687,
    -8.8594,
    -0.119,
    2.0512,
    -5.6923,
    10.2615,
    -15.3659,
    -2.9895,
    -3.4353,
    1.5632,
    -4.3922,
    -1.0602,
    -4.7915,
    -4.4998,
    -11.6188,
    0.8857,
    7.8588,
    -6.7744,
    12.9185,
    4.0045,
    -16.7381,
    -6.9469,
    -10.8758,
    3.0656,
    -6.4719,
    0.3096,
    -3.6959,
    2.7665,
    8.0531,
    3.5458,
    8.6776,
    -3.6446,
    4.8889,
    1.9123,
    1.8,
    5.0415,
    8.4148,
    1.4349,
    4.061,
    2.0,
    -2.8561,
    2.1623,
    7.8485,
    -0.02,
    -5.6211,
    7.4171,
    -6.0234,
    -2.5766,
    8.482,
    0.083,
    1.2587,
    -8.5234,
    6.2351,
    7.426,
    2.041,
    8.2359,
    -9.2661,
    7.2673,
    -7.0197,
    -0.2184,
    7.8863,
    2.494,
    -2.0522,
    12.7139,
    1.958,
    -5.8384,
    10.3387,
    -1.8048,
    -5.5656,
    1.7938,
    5.5015,
    -1.1862,
    8.2176,
    -5.1206,
    -1.4821,
    0.3467,
    4.911,
    10.0,
    6.9,
    -12.2146,
    -5.2949,
    -7.5471,
    7.14,
    -7.6619,
    -5.9271,
    0.8918,
    -2.8203,
    -4.024,
    -8.6118,
    -2.7864,
    -0.8814,
    6.337,
    -5.2937,
    12.0198,
    3.1108,
    1.5907,
    5.9806,
    -3.1099,
    -14.0316,
    22.2861,
    -3.7521,
    -10.718,
    4.2099,
    -6.2198,
    5.7256,
    6.4987,
    1.9839,
    -3.8165,
    -20.7865,
    -1.322,
    6.8946,
    -1.6501,
    8.3238,
    -1.494,
    -2.2913,
    11.1432,
    13.4633,
    4.5877,
    8.3686,
    -5.2645,
    6.3024,
    4.2747,
    3.4676,
    7.2858,
    9.5724,
    -11.1702,
    8.1539,
    -16.0152,
    -2.6773,
    -7.7556,
    10.6444,
    3.1921,
    -0.5244,
    -9.3291,
    5.9766,
    -9.2503,
    -15.2352,
    2.9404,
    -6.9937,
    16.1088,
    3.4423,
    6.6492,
    -2.9436,
    -2.1802,
    8.2755,
    -0.3708,
    10.2328,
    -4.7464,
    -6.3575,
    -19.2341,
    6.5174,
    -11.274,
    3.3465,
    -9.2621,
    6.2809,
    14.9214,
    0.8101,
    5.7942,
    -9.8001,
    -1.271,
    1.2512,
    2.6087,
    3.4106,
    0.7871,
    9.4792,
    2.8125,
    -1.1738,
    -0.9088,
    -5.8296,
    10.5489,
    8.2736,
    -10.1237,
    4.8642,
    12.2579,
    11.6713,
    -8.1695,
    -20.4332,
    4.9052,
    -5.9116,
    3.1098,
    6.0134,
    4.0249,
    -8.0105,
    -6.492,
    5.9876,
    4.1439,
    -11.4256,
    -18.4846,
    4.6196,
    -2.7841,
    9.0403,
    -0.8962,
    -2.611,
    -0.934,
    4.6588,
    13.4178,
    -18.6387,
    -5.1277,
    7.4456,
    -8.8817,
    5.908,
    -3.6622,
    -4.0933,
    -4.5923,
    -5.9883,
    -5.1994,
    -4.0681,
    6.2041,
    3.2549,
    -9.4783,
    -2.7729,
    3.1666,
    2.1459,
    -6.5197,
    -1.0304,
    2.2655,
    -3.1327,
    -1.5793,
    6.689,
    -0.9674,
    4.2205,
    4.0838,
    -8.0611,
    -9.3311,
    -2.7047,
    -7.593,
    -20.1373,
    1.8375,
    -8.8632,
    19.5974,
    3.9175,
    12.2188,
    1.9341,
    -3.0016,
    -2.0739,
    -7.2209,
    3.8957,
    -1.9646,
    1.5214,
    0.3077,
    -12.0338,
    -6.1065,
    -5.1652,
    -1.1406,
    2.9423,
    1.1803,
    -0.1334,
    -0.5943,
    9.0197,
    -2.0091,
    -6.5611,
    11.848,
    -10.436,
    1.7613,
    0.018,
    -1.3619,
    -9.067,
    -6.4233,
    0.1388,
    -10.535,
    2.7098,
    -4.687,
    -1.1148,
    -6.6824,
    -11.4906,
    1.6346,
    7.8259,
    3.8915,
    2.4586,
    -4.0382,
    20.1271,
    -8.5846,
    -7.4565,
    0.3979,
    2.8244,
    8.7243,
    1.0327,
    2.1593,
    -6.2417,
    -8.29,
    -6.9385,
    12.8556,
    6.937,
    -1.7402,
    4.673,
    4.7937,
    -1.4117,
    -6.2348,
    6.2836,
    6.0982,
    -11.4178,
    -4.5666,
    15.9961,
    -2.8445,
    -2.6577,
    8.9429,
    3.8148,
    -4.1639,
    18.8249,
    -4.5295,
    -1.8187,
    -5.2999,
    5.7392,
    -11.5621,
    -9.0337,
    7.0322,
    -10.2049,
    -5.5561,
    -11.2651,
    -6.3985,
    -1.075,
    3.7111,
    6.8532,
    -7.6191,
    3.2305,
    -6.4659,
    1.6688,
    -17.2897,
    -2.1539,
    6.0137,
    -12.8346,
    -0.3024,
    -5.3378,
    -10.7361,
    1.1278,
    -1.7404,
    2.3877,
    0.3982,
    4.3734,
    3.2806,
    -1.1702,
    -1.4696,
    0.1813,
    -7.9021,
    13.9562,
    9.563,
    -3.4157,
    -5.338,
    -1.9068,
    7.109,
    -10.0971,
    -3.4622,
    -4.0224,
    -5.0023,
    -7.6077,
    1.1648,
    2.9422,
    -6.7283,
    -2.0218,
    -1.0909,
    5.4684,
    -10.7337,
    1.3198,
    -17.1509,
    -9.5879,
    3.9383,
    6.117,
    -7.8752,
    8.3085,
    9.7719,
    3.6776,
    -5.488,
    4.4745,
    -5.6267,
    15.3795,
    -5.7328,
    -8.9014,
    -2.9366,
    6.9974,
    4.9369,
    1.2052,
    -2.8334,
    -5.2668,
    2.023,
    -12.0866,
    2.0885,
    -4.1151,
    -9.9643,
    0.816,
    -2.5176,
    12.8344,
    -2.9577,
    1.8019,
    4.7355,
    0.0747,
    -6.1879,
    -0.7775,
    3.3367,
    4.4485,
    -10.8305,
    1.7106,
    13.9346,
    -11.3778,
    -8.0437,
    -10.1373,
    5.3944,
    -10.8461,
    -4.5508,
    -16.4942,
    0.5507,
    -17.1559,
    -9.6566,
    5.0135,
    2.1815,
    -2.7764,
    -21.179,
    -5.888,
    -2.9521,
    -6.1388,
    -5.0832,
    7.4056,
    -20.7062,
    -8.9564,
    3.7511,
    -13.9914,
    19.5004,
    -1.5458,
    10.0743,
    -12.2817,
    -16.4962,
    10.9643,
    6.328,
    -2.4746,
    -6.151,
    -0.9593,
    1.2857,
    1.1121,
    1.0841,
    -3.6575,
    -12.2885,
    8.8751,
    -9.242,
    3.4343,
    1.1548,
    7.7256,
    1.0052,
    -10.6991,
    3.6035,
    -10.8218,
    -20.0845,
    8.7214,
    -1.6914,
    24.5874,
    9.5825,
    1.0461,
    -4.4608,
    -6.0243,
    14.0139,
    -8.1037,
    -6.3869,
    7.289,
    -17.9831,
    6.0487,
    0.6145,
    -3.9165,
    0.218,
    -13.1084,
    4.6063,
    4.2782,
    -9.1367,
    7.1028,
    -11.7383,
    8.6835,
    -15.4111,
    1.1592,
    -3.97,
    -3.6129,
    5.223,
    -8.2274,
    26.7157,
    3.4036,
    5.2114,
    -6.3715,
    5.6809,
    -21.6042,
    13.1926,
    -0.432,
    -2.1162,
    -3.0452,
    0.6195,
    10.2641,
    -5.3476,
    19.4576,
    14.2018,
    -4.4832,
    8.9081,
    0.7887,
    -1.765,
    -2.5348,
    -4.7447,
    0.5017,
    -4.5167,
    -7.1735,
    10.6168,
    0.8426,
    4.8847,
    3.0922,
    -1.0415,
    -24.0457,
    3.5944,
    -29.5713,
    -5.445,
    -3.9027,
    1.9267,
    -9.6152,
    -0.389,
    4.6129,
    -7.3702,
    8.2169,
    -8.3353,
    -7.3481,
    -7.1971,
    -10.6924,
    -5.6767,
    -3.4869,
    0.8502,
    1.4921,
    9.8027,
    5.0766,
    4.7417,
    1.9615,
    -10.1828,
    2.3723,
    4.8309,
    -6.3062,
    -7.8921,
    -4.0875,
    12.9413,
    -7.1505,
    10.036,
    -3.792,
    7.6382,
    -9.4488,
    -0.9279,
    -0.3243,
    -7.7579,
    1.7326,
    4.1616,
    -5.2779,
    5.1643,
    3.2795,
    -5.3823,
    -2.9531,
    -11.275,
    8.0825,
    -1.4958,
    -6.3794,
    3.9859,
    -16.0431,
    6.1749,
    -5.0277,
    5.0285,
    4.0298,
    -11.2506,
    -2.6964,
    -1.4486,
    -1.0725,
    11.6627,
    2.163,
    -0.2046,
    8.0139,
    1.319,
    -9.8121,
    -6.1481,
    0.8121,
    -3.4598,
    6.9276,
    -6.5247,
    -6.8666,
    1.6007,
    12.3363,
    7.2171,
    -4.7887,
    -3.0998,
    4.0649,
    -11.9791,
    5.6675,
    2.5209,
    1.1303,
    -12.4846,
    -10.4969,
    0.0682,
    8.3323,
    10.4665,
    -4.5686,
    -8.0818,
    8.451,
    -0.2751,
    8.7255,
    14.8569,
    -18.804,
    4.9282,
    -9.9162,
    -0.4478,
    8.174,
    -4.5659,
    11.4492,
    -2.8226,
    3.2228,
    -6.4353,
    -5.6078,
    -0.4466,
    13.8199,
    -12.4251,
    -0.2347,
    -8.6621,
    -7.9676,
    3.5648,
    8.5832,
    5.4009,
    -7.1579,
    -4.0628,
    2.4475,
    4.5372,
    -2.862,
    -1.0916,
    3.5472,
    -10.7021,
    -5.4707,
    -2.5235,
    3.3821,
    -6.3772,
    -5.4982,
    -14.7215,
    -8.8843,
    3.676,
    10.9614,
    1.6932,
    -10.4437,
    -7.9072,
    8.0477,
    -10.1727,
    -2.9239,
    -1.2181,
    -0.3262,
    -8.3277,
    11.6695,
    2.8855,
    -5.0923,
    -4.1342,
    5.6782,
    13.346,
    0.0095,
    1.5206,
    4.697,
    4.7208,
    6.4998,
    -8.1191,
    -7.0228,
    -6.2148,
    -4.3398,
    4.8277,
    1.8139,
    11.8356,
    3.0666,
    8.7166,
    1.839,
    -4.4136,
    2.9279,
    -5.613,
    -9.2865,
    2.4578,
    9.8161,
    5.6509,
    -3.229,
    -12.1656,
    4.3923,
    4.7488,
    5.9603,
    10.3977,
    3.8959,
    -0.5066,
    5.5253,
    -9.1502,
    5.1311,
    0.8914,
    -11.3778,
    -13.3962,
    -10.6645,
    3.8988,
    -19.4881,
    -23.3226,
    -3.1381,
    -3.6679,
    7.0857,
    -4.6137,
    -10.0593,
    -16.0093,
    0.6448,
    -0.2426,
    -6.7343,
    -0.694,
    17.8956,
    -4.3508,
    -2.985,
    4.2709,
    -12.1335,
    -4.055,
    -7.6588,
    -14.7789,
    -2.1805,
    -0.7098,
    7.4413,
    -4.0194,
    -7.8128,
    -4.9585,
    2.1488,
    -1.8849,
    -7.2853,
    0.7406,
    6.7623,
    4.6569,
    20.9669,
    10.1848,
    10.7787,
    -6.859,
    -6.8438,
    3.5662,
    0.002,
    7.4112,
    7.8305,
    0.9212,
    -7.5493,
    -1.3482,
    -1.7366,
    -7.212,
    -1.7935,
    -0.8015,
    1.7708,
    11.787,
    12.557,
    9.5029,
    0.2767,
    -3.2048,
    3.6935,
    -9.3355,
    8.1465,
    0.8666,
    6.3298,
    -1.8842,
    1.9902,
    -12.0809,
    16.4822,
    -1.7657,
    6.2434,
    -17.0805,
    -2.3529,
    -1.2651,
    -6.7883,
    -4.5498,
    7.509,
    2.8021,
    5.2688,
    0.3268,
    -0.2949,
    -7.5345,
    9.5785,
    -7.4159,
    -6.8761,
    2.1645,
    0.9592,
    -3.2846,
    -3.7595,
    -3.3372,
    -2.8499,
    0.7093,
    -2.2483,
    -0.4405,
    -9.8775,
    10.8727,
    -8.7509,
    -3.8799,
    -4.9348,
    5.1718,
    10.0461,
    -1.6541,
    -4.1663,
    -1.9801,
    -9.0496,
    -11.1703,
    13.6401,
    -3.2345,
    -7.4541,
    2.2358,
    -2.9334,
    -9.2171,
    -6.375,
    -23.8689,
    20.5299,
    1.5915,
    -0.9748,
    -0.5861,
    0.6991,
    5.1481,
    16.959,
    -3.1653,
    -9.0344,
    -5.6143,
    -1.8854,
    15.5904,
    -1.5801,
    -8.7107,
    -8.4225,
    16.0729,
    2.7633,
    -10.574,
    -3.7627,
    -12.1029,
    -4.4302,
    0.7521,
    0.814,
    2.4468,
    6.7749,
    -19.7289,
    -5.0694,
    0.7348,
    4.2546,
    -1.1786,
    1.9842,
    -5.1874,
    12.2731,
    7.2146,
    9.093,
    2.3386,
    0.4222,
    -13.0291,
    -2.0506,
    8.2088,
    -1.2416,
    2.8337,
    -6.7543,
    -7.1385,
    -5.8575,
    3.3716,
    7.9501,
    -10.8879,
    -1.9154,
    -11.3545,
    -8.7534,
    4.3909,
    7.0464,
    1.698,
    -13.3605,
    -3.3223,
    2.1936,
    -10.0816,
    -2.9392,
    8.298,
    -3.7432,
    -3.5585,
    -4.2685,
    -1.1227,
    6.7569,
    -11.3662,
    -0.017,
    -2.9668,
    -8.2745,
    -7.3045,
    -2.1836,
    -4.8159,
    13.3204,
    -6.8284,
    -0.8932,
    3.6408,
    -6.8607,
    -10.1357,
    1.1828,
    12.8142,
    -4.056,
    -10.4906,
    21.1359,
    -9.2713,
    -14.9966,
    -12.2246,
    0.6341,
    -5.054,
    1.7646,
    0.1618,
    -2.9049,
    9.5389,
    12.3359,
    -3.4094,
    -6.3396,
    -3.1507,
    -4.4345,
    -4.5139,
    -1.5541,
    -8.3863,
    -5.4008,
    1.7137,
    3.9665,
    1.8138,
    -8.3004,
    -23.73,
    -2.1672,
    11.9655,
    6.448,
    -2.654,
    9.2203,
    6.2739,
    7.6509,
    0.8424,
    -1.6418,
    9.9606,
    2.1074,
    4.071,
    -11.3979,
    13.9098,
    4.7694,
    13.0315,
    -6.3016,
    17.3511,
    -9.955,
    -2.3135,
    3.111,
    -4.9666,
    -0.2145,
    -3.7684,
    4.0167,
    17.8777,
    3.3787,
    -4.0389,
    -15.5621,
    -4.4171,
    8.059,
    3.0852,
    16.8951,
    -0.491,
    -0.146,
    7.3811,
    -2.8725,
    -0.4054,
    1.6619,
    -4.9943,
    -6.8585,
    -14.3165,
    -9.3494,
    -8.2426,
    4.1184,
    -11.1462,
    2.5438,
    -5.5303,
    -7.7156,
    -5.3289,
    2.1852,
    -4.1151,
    -21.8306,
    -2.407,
    -6.8081,
    14.9209,
    6.3687,
    0.3943,
    -8.9765,
    2.9832,
    7.3426,
    -0.0591,
    7.0321,
    -17.407,
    -13.7218,
    1.1062,
    7.6601,
    1.6467,
    -5.3664,
    6.9916,
    -5.2233,
    6.808,
    1.7749,
    10.4601,
    -4.114,
    7.313,
    1.0164,
    -5.9932,
    -4.4846,
    -8.8632,
    -3.406,
    -4.7659,
    15.2867,
    -9.4034,
    4.9823,
    2.5138,
    -9.0898,
    -2.105,
    4.2444,
    -8.2507,
    9.7737,
    8.9925,
    12.7324,
    7.9856,
    4.1964,
    3.4283,
    11.036,
    9.3953,
    12.1598,
    -6.3767,
    -2.9104,
    18.5219,
    0.9131,
    -6.591,
    -2.901,
    -1.3769,
    -2.6471,
    0.6701,
    8.3899,
    6.0762,
    1.1089,
    -2.9077,
    0.2916,
    -4.0387,
    -7.6697,
    -2.8453,
    10.862,
    -0.3988,
    -7.3502,
    1.1156,
    10.6199,
    3.1565,
    9.6411,
    -4.7376,
    22.9349,
    -5.5949,
    3.8031,
    5.7623,
    9.5248,
    6.5787,
    3.1234,
    20.3666,
    1.7643,
    2.4387,
    -0.8939,
    3.636,
    9.7629,
    4.9308,
    14.3072,
    -6.9711,
    -3.9325,
    -1.7552,
    7.2285,
    -0.7933,
    -14.8266,
    0.368,
    3.8611,
    5.8927,
    -6.3769,
    -0.6333,
    -9.9336,
    -8.4306,
    6.1279,
    9.801,
    -2.7146,
    9.3611,
    7.8918,
    8.7616,
    -10.4088,
    -13.8991,
    15.0444,
    -7.6712,
    2.72,
    9.9817,
    -5.9466,
    3.0798,
    -6.0007,
    -2.6757,
    -2.9277,
    -6.1104,
    -3.8565,
    12.2229,
    -8.7842,
    9.7788,
    8.0429,
    3.6653,
    -2.0279,
    -1.9035,
    5.5556,
    -2.683,
    11.0901,
    2.8065,
    -2.4831,
    0.0803,
    -8.8514,
    -0.0484,
    1.4195,
    0.6582,
    9.766,
    3.4352,
    -9.8125,
    7.3797,
    7.1993,
    -14.219,
    -9.74,
    -20.9061,
    -10.0061,
    -0.4323,
    -8.149,
    5.5846,
    9.0263,
    7.401,
    -1.3755,
    -6.2803,
    -13.0951,
    -0.67,
    -10.7289,
    2.588,
    3.648,
    -5.2472,
    -8.3788,
    -11.3961,
    0.9116,
    -19.4867,
    2.5643,
    -1.1152,
    12.226,
    -1.3254,
    1.427,
    -7.1237,
    5.8614,
    -12.5685,
    3.0401,
    2.9061,
    4.4936,
    14.4512,
    9.0099,
    -9.9125,
    0.376,
    0.2064,
    21.3501,
    -4.0199,
    1.0601,
    3.1036,
    4.9959,
    5.6886,
    -1.265,
    -3.0137,
    13.9681,
    -0.6228,
    -8.153,
    0.1578,
    -12.9439,
    -2.9875,
    11.4817,
    -0.4967,
    5.2205,
    1.2881,
    7.2889,
    7.8755,
    2.8494,
    1.8556,
    -4.5478,
    1.4197,
    11.5183,
    -1.7223,
    0.2656,
    13.98,
    -8.3764,
    9.956,
    0.6663,
    3.155,
    3.7668,
    8.6343,
    -9.5694,
    -4.7145,
    1.3995,
    -12.5872,
    -0.6092,
    -7.0029,
    0.6266,
    -16.6802,
    -1.8346,
    -22.3615,
    0.805,
    -16.3053,
    -3.5722,
    -8.6174,
    15.2972,
    0.0214,
    6.0622,
    -5.355,
    -3.9889,
    0.2398,
    -2.4024,
    1.3724,
    3.8083,
    3.0874,
    -6.6658,
    1.8237,
    5.5583,
    -0.0525,
    0.1199,
    8.1142,
    -8.8991,
    -0.7837,
    4.2124,
    -17.8711,
    4.3936,
    3.8978,
    -5.3042,
    -9.8927,
    -24.5719,
    8.5094,
    10.9629,
    8.4016,
    -4.8009,
    3.7944,
    3.1623,
    1.1253,
    13.5219,
    -1.2773,
    3.882,
    -17.9785,
    2.2021,
    8.0463,
    -3.0077,
    0.6686,
    -5.11,
    6.0315,
    14.1607,
    3.2165,
    -7.0058,
    -5.3491,
    13.6272,
    12.1165,
    -0.5056,
    -11.7851,
    1.2243,
    2.8051,
    4.2438,
    7.6389,
    -6.7292,
    3.5006,
    -3.2723,
    -0.6038,
    -0.9557,
    0.2491,
    -1.2188,
    -13.3034,
    2.8901,
    -8.8932,
    -0.5396,
    2.1093,
    -6.6154,
    6.8503,
    -5.3808,
    3.8393,
    16.2921,
    10.3233,
    7.4675,
    19.6079,
    2.7039,
    13.6986,
    -3.9039,
    -7.361,
    -10.6661,
    3.8231,
    -8.8257,
    12.2827,
    -13.3047,
    -9.6898,
    15.7384,
    -4.9255,
    0.515,
    -1.4701,
    -2.2024,
    13.2333,
    -0.2857,
    4.3234,
    -10.1976,
    -5.3404,
    -11.9666,
    -5.7668,
    -0.7429,
    14.0648,
    -2.8603,
    -0.879,
    9.8961,
    3.5508,
    -6.0617,
    -1.5876,
    -3.4997,
    10.9592,
    -7.4455,
    6.6409,
    0.8643,
    0.7912,
    -0.3303,
    -1.5467,
    1.0388,
    -4.5953,
    0.9778,
    -9.9849,
    -7.9093,
    9.1252,
    -4.433,
    17.171,
    8.7664,
    -4.7981,
    12.5847,
    1.8387,
    -1.2851,
    -0.6573,
    1.3727,
    5.7562,
    -5.1686,
    -4.3885,
    -15.1079,
    13.3423,
    -11.5466,
    -6.0807,
    6.5531,
    -7.5345,
    -5.8297,
    1.9655,
    6.6385,
    -0.0014,
    6.119,
    6.6517,
    8.9855,
    2.7877,
    -0.9364,
    -5.7648,
    2.9099,
    -3.2222,
    6.3912,
    -3.0898,
    0.9848,
    -2.6148,
    3.9435,
    -12.3048,
    -10.2515,
    21.143,
    -3.829,
    8.3821,
    -12.0505,
    6.0143,
    -2.7986,
    -8.1531,
    18.781,
    2.4155,
    0.9536,
    1.5658,
    -0.4191,
    -8.4604,
    -3.5097,
    0.8591,
    -5.5244,
    -8.9364,
    -10.4867,
    -3.0425,
    2.1868,
    -0.8052,
    2.0844,
    13.7108,
    -3.7312,
    11.174,
    -9.7121,
    -4.3657,
    -15.2087,
    5.3525,
    -1.1587,
    8.6588,
    2.4769,
    -6.9174,
    2.6087,
    -10.2674,
    2.2976,
    0.8581,
    -10.633,
    -2.8823,
    -1.4195,
    5.2264,
    -1.1134,
    -4.9671,
    -10.4985,
    -12.5844,
    -18.1298,
    1.4904,
    -0.6958,
    -1.8874,
    -11.7525,
    -1.9895,
    4.2158,
    -7.5256,
    5.5698,
    11.5512,
    6.2884,
    5.8945,
    5.3184,
    11.0543,
    6.0307,
    3.2852,
    -0.4071,
    -14.2708,
    8.4178,
    1.791,
    9.8954,
    5.7617,
    -11.3311,
    2.2234,
    0.3103,
    3.2473,
    -8.2519,
    20.9266,
    20.9652,
    -16.3194,
    -11.6803,
    -13.6001,
    -5.0473,
    -10.6448,
    1.4917,
    8.0192,
    -0.1482,
    1.1563,
    11.9118,
    -11.8417,
    -16.7868,
    -6.8805,
    3.9054,
    8.5593,
    -6.143,
    1.3443,
    9.4284,
    10.019,
    -3.8099,
    3.474,
    -2.3278,
    -9.2896,
    -12.2741,
    -2.3832,
    -1.3915,
    -3.9287,
    -11.6471,
    -4.4828,
    5.557,
    -12.2327,
    -11.3052,
    2.1915,
    -2.3113,
    3.6013,
    10.6298,
    -10.8164,
    5.389,
    2.8618,
    -19.7623,
    -3.9795,
    -6.0874,
    -1.9318,
    -7.2314,
    3.788,
    -13.7261,
    -9.2074,
    5.5453,
    -11.0411,
    1.4811,
    -5.834,
    -17.1429,
    5.0236,
    8.8347,
    3.248,
    2.813,
    -2.4272,
    -9.8348,
    0.7728,
    4.2114,
    -1.0081,
    9.3774,
    -4.3422,
    -14.3077,
    -9.5617,
    10.3162,
    4.6471,
    1.2526,
    -8.1477,
    0.565,
    7.3848,
    6.3628,
    1.358,
    -1.0462,
    8.2817,
    2.65,
    -9.987,
    -17.5366,
    -16.594,
    -1.2086,
    9.5085,
    -6.8645,
    2.3424,
    10.286,
    -1.0327,
    11.1285,
    -2.4267,
    0.8432,
    0.0478,
    19.9651,
    14.1646,
    6.9466,
    2.7419,
    -2.8697,
    -0.6249,
    1.1528,
    -15.5605,
    -4.2455,
    2.9618,
    -12.166,
    -8.583,
    -10.1941,
    11.9407,
    -11.9034,
    3.9277,
    -0.1119,
    -8.6624,
    -20.869,
    7.9353,
    7.5022,
    -0.266,
    -4.1089,
    -9.9804,
    -10.8165,
    7.337,
    -0.0853,
    4.5895,
    2.1269,
    5.5121,
    1.6103,
    0.0953,
    10.7807,
    0.4866,
    -3.2746,
    0.1108,
    14.2289,
    -7.891,
    -2.2347,
    21.6163,
    -3.4356,
    3.6508,
    -2.3733,
    -10.0789,
    3.2908,
    5.9935,
    -11.8507,
    11.6667,
    -8.4023,
    2.3203,
    -7.696,
    9.173,
    15.092,
    3.1018,
    1.7178,
    -10.386,
    -5.7884,
    -0.7673,
    -4.8647,
    -0.4279,
    2.5946,
    -6.5001,
    -8.6067,
    -14.5927,
    2.8511,
    4.8686,
    -5.9873,
    -6.1201,
    8.5049,
    -6.7407,
    13.9505,
    -15.3882,
    20.5474,
    4.1605,
    -12.411,
    -6.3924,
    2.4741,
    1.721,
    -3.1662,
    4.4414,
    -15.991,
    3.9729,
    -3.9097,
    -7.3668,
    0.0251,
    8.3988,
    11.3347,
    -20.5433,
    6.0267,
    9.7313,
    -3.9044,
    6.3048,
    -4.3148,
    4.4487,
    -0.7531,
    -6.2637,
    -10.0285,
    12.7849,
    -17.6256,
    0.1123,
    10.5487,
    -12.1516,
    -1.4366,
    23.6047,
    10.2748,
    1.812,
    11.1161,
    10.4284,
    10.5492,
    -2.9243,
    6.7987,
    -4.4397,
    -2.0613,
    -6.886,
    9.8116,
    18.8312,
    -5.8589,
    8.1854,
    10.4713,
    -6.3512,
    -4.812,
    -4.5416,
    5.5575,
    -15.0868,
    1.5531,
    9.3806,
    5.9896,
    3.2134,
    10.1393,
    15.3704,
    -10.1935,
    4.1419,
    0.1823,
    3.8447,
    2.996,
    13.2258,
    13.1969,
    -8.1282,
    0.8372,
    1.8741,
    11.3693,
    3.8114,
    -3.4096,
    -2.9664,
    -9.975,
    21.534,
    3.8239,
    -0.9219,
    6.974,
    2.8137,
    0.2152,
    -1.8042,
    0.3056,
    -4.3735,
    13.6213,
    -1.1105,
    7.2428,
    6.8396,
    -9.3199,
    -7.6986,
    -10.2188,
    -0.1566,
    -0.7696,
    -0.4778,
    -5.5718,
    -3.9688,
    -10.3094,
    2.1409,
    3.4754,
    -9.2441,
    -2.4205,
    1.6066,
    -9.0313,
    0.0218,
    11.4404,
    -6.3625,
    2.9882,
    13.5161,
    8.0595,
    3.4537,
    -5.634,
    -3.4835,
    -3.2205,
    7.3277,
    3.6243,
    -6.4908,
    -1.0864,
    10.147,
    -1.471,
    -13.0144,
    1.1156,
    -8.2777,
    -18.4183,
    2.5291,
    -2.1057,
    1.4796,
    1.5422,
    -3.0934,
    -6.279,
    0.5701,
    -2.4335,
    -4.097,
    3.9048,
    5.0298,
    -6.0823,
    5.5463,
    5.3296,
    10.2776,
    -5.283,
    -6.8214,
    6.88,
    -14.5518,
    2.708,
    17.9647,
    -5.6828,
    3.7918,
    -2.3873,
    -14.7017,
    0.8529,
    4.3232,
    -0.9507,
    -10.0487,
    3.5497,
    9.3159,
    3.1554,
    -3.046,
    0.5589,
    2.1777,
    -5.8583,
    1.993,
    -3.3891,
    13.8355,
    5.8784,
    -5.0531,
    3.5841,
    -2.8254,
    -8.8119,
    1.1761,
    -0.4787,
    5.0557,
    11.0684,
    -1.7336,
    -8.1108,
    1.7577,
    7.7263,
    -0.8475,
    4.3969,
    -4.2233,
    4.7309,
    -3.9038,
    2.4856,
    0.0498,
    -14.6177,
    4.1705,
    4.2096,
    9.8716,
    0.4093,
    -5.5713,
    -4.2241,
    5.777,
    12.7587,
    -10.127,
    -0.1343,
    -3.1791,
    4.1108,
    0.9213,
    -5.7188,
    8.998,
    1.6865,
    6.9137,
    4.7405,
    -10.6707,
    5.0073,
    1.7845,
    -10.1318,
    7.2931,
    -6.6879,
    8.9084,
    10.4941,
    -7.424,
    -19.0561,
    -2.8723,
    2.5222,
    -3.5987,
    10.9628,
    -0.019,
    -3.5358,
    9.4884,
    1.0262,
    3.3331,
    11.0634,
    3.6345,
    1.4187,
    0.9539,
    -0.8648,
    -6.8708,
    -8.5056,
    -0.5591,
    4.3707,
    -5.9196,
    0.0028,
    2.6849,
    4.2368,
    -5.4623,
    2.0253,
    4.9551,
    -0.8218,
    11.2981,
    -12.7221,
    -7.236,
    -3.4908,
    -13.4761,
    -7.9462,
    3.236,
    -2.0262,
    -7.6666,
    -1.9909,
    5.8511,
    9.0234,
    -13.7927,
    -1.6941,
    -1.4245,
    13.6133,
    10.8284,
    6.3101,
    -7.1704,
    0.358,
    -4.5023,
    3.4398,
    -1.4226,
    -7.222,
    0.1433,
    5.0451,
    10.2848,
    4.1099,
    -0.3702,
    1.8798,
    -4.3754,
    -0.9882,
    -4.8821,
    12.7895,
    0.8632,
    21.6661,
    9.2269,
    -3.1219,
    -7.8407,
    10.2636,
    7.4801,
    4.2703,
    -12.5983,
    -1.1143,
    -6.0126,
    -3.2374,
    -8.1462,
    7.5371,
    -17.7574,
    -4.2888,
    18.4537,
    10.2338,
    8.2,
    4.334,
    -1.7005,
    -0.4949,
    -3.5969,
    -7.1137,
    -6.1514,
    8.6099,
    3.5003,
    1.7363,
    3.04,
    -1.765,
    -12.3801,
    -6.1678,
    8.8383,
    2.0585,
    2.2505,
    -0.4698,
    -9.3382,
    -5.274,
    -4.7741,
    9.6402,
    0.5952,
    5.6047,
    3.2769,
    -1.1225,
    -7.4922,
    5.4586,
    0.6642,
    -7.2846,
    4.0214,
    5.7908,
    7.9761,
    -3.0982,
    6.3752,
    2.2365,
    9.2366,
    3.9237,
    24.8988,
    -2.5117,
    -22.4845,
    14.5671,
    9.5543,
    5.4317,
    4.1598,
    5.9794,
    4.1263,
    -1.2318,
    -5.9118,
    -9.9978,
    4.6284,
    0.4014,
    14.2236,
    16.5696,
    9.2772,
    3.1879,
    7.5756,
    8.0314,
    -7.3159,
    5.9303,
    -3.7608,
    -6.6539,
    -7.7593,
    -2.4342,
    3.071,
    -13.4363,
    -2.6613,
    -8.5082,
    3.6926,
    -1.5043,
    -1.0208,
    7.5406,
    0.8279,
    -0.9071,
    10.4864,
    -17.6161,
    1.448,
    3.8592,
    -0.2976,
    -5.8916,
    -6.7513,
    -0.6803,
    -3.2947,
    -1.2539,
    -6.0204,
    2.0477,
    4.4733,
    1.1881,
    7.745,
    -5.3837,
    10.5666,
    -1.2296,
    2.8189,
    8.3043,
    -11.3189,
    -13.3195,
    9.5352,
    -3.484,
    4.1193,
    20.4991,
    2.3225,
    -2.025,
    -6.5543,
    -4.5374,
    -10.1594,
    -5.3601,
    9.1786,
    1.9139,
    -1.3151,
    -0.518,
    1.8135,
    3.0959,
    -8.5978,
    -0.2209,
    2.6854,
    16.5688,
    -0.2141,
    10.383,
    -19.2913,
    -14.2088,
    11.7395,
    -1.7397,
    14.7272,
    6.6878,
    4.2355,
    -2.6077,
    -1.8074,
    7.4369,
    -9.6983,
    -3.9842,
    3.2859,
    2.0079,
    -6.155,
    8.0507,
    2.1529,
    14.5552,
    3.9552,
    15.6655,
    -0.4121,
    -3.2795,
    8.6592,
    0.2894,
    -14.1007,
    -0.5291,
    -2.3577,
    1.0497,
    -5.9925,
    -13.8048,
    13.9326,
    7.9004,
    -5.0665,
    -3.496,
    -12.3829,
    -4.2593,
    6.5235,
    -9.3079,
    2.0314,
    -6.0095,
    0.1019,
    -0.448,
    7.0057,
    18.0418,
    6.0008,
    11.3134,
    -0.9549,
    5.8671,
    -10.8933,
    18.8949,
    -8.2138,
    -6.6712,
    1.2299,
    6.6035,
    11.4601,
    -5.1413,
    13.3518,
    -2.1443,
    1.4208,
    -4.724,
    2.6294,
    2.3034,
    -4.0243,
    6.2544,
    -4.9776,
    4.459,
    2.938,
    8.9358,
    -4.0435,
    -0.5724,
    10.5587,
    -9.9471,
    2.9499,
    5.895,
    -11.0434,
    -9.3273,
    -24.5583,
    -5.5686,
    13.04,
    16.297,
    6.1317,
    -5.2095,
    -3.8915,
    2.2948,
    -4.8274,
    -6.0009,
    -2.1831,
    -12.6893,
    -12.6419,
    -5.9574,
    -8.963,
    -10.405,
    6.2567,
    6.8926,
    4.3875,
    1.4623,
    -3.0606,
    3.9237,
    -4.7996,
    3.8829,
    0.9403,
    -3.191,
    1.8962,
    -10.8389,
    4.5639,
    -5.2923,
    3.3987,
    -9.2546,
    10.7778,
    6.1005,
    -5.6484,
    10.2635,
    9.1023,
    -3.8919,
    -0.968,
    2.0215,
    -12.8429,
    7.7872,
    -13.5922,
    12.5265,
    1.0065,
    10.3012,
    -2.5816,
    -15.0026,
    -0.7161,
    -6.0559,
    -7.8916,
    -5.1196,
    13.1475,
    -5.8188,
    4.3439,
    4.3795,
    -16.1148,
    3.3577,
    1.4921,
    11.9546,
    -0.8562,
    3.657,
    -12.1868,
    -1.9609,
    -14.1921,
    -2.3348,
    1.8829,
    2.3572,
    -2.9582,
    -4.7678,
    4.73,
    2.1025,
    -1.7157,
    1.8962,
    -5.5888,
    -4.4518,
    8.6532,
    13.5464,
    4.4349,
    -7.2821,
    4.2129,
    -1.9885,
    -2.5616,
    -10.9135,
    11.5879,
    -7.0108,
    -16.0949,
    -3.7296,
    -1.9536,
    -8.5071,
    -14.6077,
    -2.5746,
    13.3423,
    -1.8236,
    -11.0008,
    0.5618,
    7.2156,
    -3.3368,
    2.8728,
    1.9808,
    -20.9228,
    6.9672,
    2.8591,
    -0.1315,
    2.4448,
    -3.4835,
    -7.3945,
    -0.8962,
    -9.9831,
    -1.4418,
    -13.2323,
    -14.5378,
    -11.0637,
    8.1398,
    -0.475,
    -8.6029,
    -3.7306,
    -2.9203,
    -1.045,
    10.5088,
    4.3576,
    5.7849,
    -9.8238,
    -12.7981,
    -1.3799,
    7.3037,
    -9.0301,
    -5.2247,
    -3.5814,
    -2.0038,
    -5.1597,
    1.1267,
    -2.0692,
    -1.1748,
    -13.8651,
    -9.1172,
    -6.6275,
    -1.9718,
    -4.2132,
    3.7719,
    -5.8653,
    8.3481,
    14.9267,
    6.5683,
    11.9193,
    -5.7587,
    9.5955,
    5.2989,
    -1.9877,
    6.1152,
    -15.1955,
    1.0255,
    -9.2787,
    -0.2233,
    6.2867,
    2.3529,
    -1.6003,
    5.6384,
    0.8427,
    6.297,
    -9.0554,
    7.9376,
    -2.8121,
    10.4921,
    -4.1406,
    -2.8383,
    13.9455,
    5.0796,
    -19.8201,
    2.5985,
    -11.1561,
    -0.1909,
    -8.9819,
    -5.5814,
    -4.9422,
    -11.3979,
    10.618,
    4.604,
    6.8132,
    -21.8174,
    -2.6076,
    -17.1497,
    -5.5156,
    -6.1448,
    7.1361,
    7.165,
    0.8314,
    -2.9459,
    10.6562,
    -3.412,
    -7.5054,
    -11.922,
    10.9578,
    1.9703,
    2.8876,
    -1.4503,
    13.2541,
    7.2646,
    3.0753,
    19.7173,
    -1.832,
    2.5185,
    13.0406,
    -2.9716,
    4.9127,
    2.8909,
    10.787,
    1.9972,
    6.4658,
    11.0253,
    3.1012,
    0.8839,
    -2.9938,
    1.8522,
    4.1884,
    -13.806,
    -1.8861,
    -6.5763,
    -1.1703,
    -4.8402,
    1.1035,
    -7.7787,
    3.6552,
    -9.2741,
    12.6575,
    -5.8549,
    3.1469,
    -5.4353,
    -13.3492,
    8.216,
    1.5781,
    -0.467,
    -4.54,
    -5.7641,
    -4.0837,
    -1.5061,
    1.5794,
    3.4274,
    9.1718,
    -2.0201,
    1.9551,
    -3.1079,
    -6.6652,
    8.1329,
    -10.0508,
    -16.8783,
    -1.0824,
    -1.1747,
    1.0949,
    4.9953,
    -9.35,
    11.4484,
    5.4718,
    6.104,
    1.3039,
    -4.78,
    10.2704,
    9.0578,
    -6.2315,
    -4.9111,
    -17.2357,
    1.739,
    -3.5307,
    8.8645,
    -2.4722,
    -13.8788,
    3.0212,
    -1.7441,
    -1.8489,
    18.3288,
    -7.1521,
    1.3953,
    8.3337,
    -3.3399,
    0.0633,
    12.2247,
    0.7584,
    5.4788,
    5.3926,
    -1.2927,
    -7.525,
    14.385,
    3.8766,
    22.0694,
    -1.6827,
    2.9523,
    -7.4561,
    -7.6025,
    2.5935,
    -16.9769,
    -4.2941,
    7.5975,
    5.1875,
    13.3916,
    -9.7067,
    0.8412,
    2.5116,
    -1.319,
    7.4061,
    -4.2816,
    -0.2766,
    3.7387,
    6.5436,
    -0.4718,
    -10.4959,
    -9.4605,
    9.4759,
    13.7642,
    7.4743,
    6.0275,
    -4.9451,
    -5.8554,
    -18.7963,
    -9.0588,
    -17.13,
    -7.3371,
    5.2992,
    5.7754,
    -18.7921,
    2.6038,
    -6.572,
    9.8561,
    2.5393,
    -3.9149,
    -16.1927,
    12.1263,
    11.0834,
    -2.3693,
    2.4119,
    14.0907,
    -6.559,
    -14.4439,
    -4.7026,
    -7.9743,
    -6.5373,
    -7.1768,
    0.2949,
    8.1116,
    -4.7557,
    3.4201,
    2.0276,
    -5.0668,
    -0.9329,
    4.8963,
    16.4369,
    -0.9111,
    6.8483,
    -5.1251,
    4.563,
    -3.4733,
    -1.4799,
    -4.8598,
    -4.8042,
    -1.1817,
    -2.5798,
    -6.2851,
    4.1374,
    -0.6766,
    -6.7576,
    9.5425,
    -1.6647,
    6.7794,
    1.7674,
    -0.2827,
    2.3943,
    0.5846,
    -7.5672,
    -7.9753,
    -3.4322,
    -4.7339,
    0.272,
    -7.0866,
    -1.4279,
    -17.0472,
    -11.2338,
    4.4064,
    1.3252,
    -5.4601,
    0.59,
    -11.1809,
    -3.8244,
    -13.5508,
    4.2644,
    2.5669,
    -11.7424,
    1.1394,
    -1.1044,
    0.7327,
    -3.2095,
    -0.3837,
    -4.7833,
    6.3343,
    -2.634,
    -7.9917,
    14.3642,
    5.4764,
    -14.5748,
    -6.1646,
    -11.192,
    -4.4484,
    -7.1568,
    -17.7331,
    5.2917,
    -1.0474,
    -21.2556,
    7.7964,
    4.5193,
    1.005,
    -2.0449,
    -1.1961,
    -8.0629,
    2.0892,
    14.9393,
    5.3843,
    3.9906,
    13.625,
    -2.2097,
    11.5629,
    -8.0153,
    -8.9271,
    -3.4874,
    2.2397,
    -2.4528,
    -8.5894,
    4.7941,
    3.079,
    8.6905,
    10.4317,
    -2.7246,
    14.5018,
    -1.7323,
    -2.6843,
    -9.0801,
    -6.6157,
    -14.3605,
    -3.7564,
    8.8215,
    9.6953,
    2.8483,
    -9.6815,
    1.4925,
    -14.3193,
    6.9838,
    -1.4077,
    -13.0184,
    0.0043,
    -4.4874,
    -11.8764,
    0.1766,
    -0.8906,
    8.678,
    -5.9977,
    15.682,
    -0.1918,
    2.2394,
    -15.9521,
    -9.8464,
    10.5386,
    10.2944,
    7.3078,
    5.2881,
    0.1623,
    -5.2754,
    3.1196,
    18.5859,
    0.1421,
    -1.1937,
    7.6155,
    -8.7677,
    -3.3128,
    -12.8916,
    8.566,
    8.0061,
    -3.5199,
    -3.5868,
    -2.1814,
    -4.5036,
    15.9805,
    5.996,
    1.811,
    -0.317,
    -9.4998,
    -1.5072,
    6.0901,
    7.7553,
    -3.6692,
    -13.2865,
    -10.4142,
    -2.2983,
    -3.4953,
    7.8539,
    -21.3602,
    0.7605,
    -2.086,
    -0.7153,
    -12.5668,
    -1.503,
    -5.6146,
    -4.4038,
    -2.7591,
    12.9301,
    -0.1031,
    7.3126,
    -8.9507,
    3.8341,
    1.4036,
    5.631,
    -3.8047,
    -1.156,
    10.1688,
    -11.2415,
    -3.9075,
    -4.6519,
    7.0574,
    -2.8125,
    6.8231,
    -12.3859,
    -9.2643,
    2.3695,
    -9.8618,
    -3.3611,
    -4.4503,
    -12.2883,
    6.3853,
    -6.0755,
    -26.7869,
    -1.9489,
    -2.5852,
    16.1585,
    3.3007,
    8.6129,
    -3.1087,
    3.6624,
    -3.3305,
    2.1368,
    5.1286,
    -0.5433,
    -5.0236,
    -7.7472,
    -2.1339,
    13.0809,
    -10.8407,
    -2.4738,
    19.1743,
    5.4531,
    14.0207,
    -6.7386,
    -0.2848,
    -2.6806,
    7.2908,
    -2.4681,
    -3.618,
    9.3212,
    4.8043,
    -10.2075,
    2.6783,
    -0.0685,
    -1.7685,
    13.3155,
    0.1468,
    21.1128,
    5.9021,
    3.8698,
    17.6431,
    -9.7124,
    -0.7962,
    0.9518,
    -2.73,
    -9.4949,
    -1.3986,
    -5.8362,
    -1.6643,
    3.6137,
    -0.2984,
    15.266,
    1.7214,
    5.8083,
    6.8968,
    1.5937,
    0.652,
    1.9865,
    -11.2453,
    6.1434,
    -4.4291,
    -4.8229,
    -10.1354,
    8.0823,
    8.4291,
    4.8217,
    2.0025,
    -4.1931,
    -13.966,
    0.1815,
    16.0747,
    0.9696,
    1.834,
    6.583,
    14.9924,
    0.697,
    -8.707,
    5.4264,
    2.3553,
    0.1853,
    3.0028,
    -8.7826,
    13.3247,
    -6.3503,
    -5.4172,
    11.1615,
    2.666,
    5.0307,
    -0.1364,
    3.508,
    -2.7345,
    15.5489,
    1.7019,
    -8.995,
    -3.1892,
    10.1109,
    -7.6779,
    -16.2118,
    -3.5052,
    1.9977,
    9.2123,
    -7.3864,
    2.0192,
    -2.3046,
    -4.3746,
    -5.3975,
    -4.3303,
    -4.5347,
    -3.4505,
    4.9009,
    -5.9143,
    8.5464,
    -14.6493,
    -5.8195,
    7.6788,
    -8.1005,
    -1.5175,
    -6.1049,
    -11.8707,
    -0.3246,
    13.4923,
    -3.8702,
    9.3319,
    2.7896,
    -10.1457,
    4.1702,
    5.2483,
    -11.9266,
    5.0513,
    4.7933,
    -2.7873,
    17.3905,
    -6.7256,
    8.8153,
    11.3703,
    -1.2674,
    2.8456,
    -0.725,
    -8.2368,
    5.8484,
    -3.872,
    -14.53,
    -1.2467,
    3.7703,
    13.4185,
    12.4359,
    11.4661,
    1.7041,
    -1.6097,
    -2.8971,
    -12.1276,
    -0.9179,
    1.9377,
    -4.4451,
    12.9287,
    -8.9871,
    1.1631,
    7.2166,
    -7.3267,
    -6.5501,
    -1.4899,
    -2.8649,
    -6.6717,
    8.4967,
    -13.9984,
    4.3938,
    -6.6522,
    6.6554,
    4.281,
    5.1018,
    -13.7557,
    3.5338,
    12.3438,
    -4.8738,
    2.4382,
    2.2601,
    -3.5557,
    -6.1219,
    6.9404,
    -4.0276,
    -0.4609,
    0.581,
    15.0288,
    -3.7226,
    -11.2449,
    1.2699,
    -2.246,
    4.2771,
    14.562,
    10.8943,
    0.0852,
    13.4129,
    7.656,
    5.092,
    -3.8491,
    -1.9765,
    2.5425,
    0.9998,
    -2.8285,
    -4.4248,
    -6.6911,
    -9.0791,
    0.2124,
    -3.7481,
    7.4245,
    -4.9823,
    -11.5209,
    -1.8817,
    16.732,
    2.1408,
    2.6822,
    1.0745,
    0.8482,
    0.383,
    20.9569,
    -2.5784,
    -0.9322,
    6.6913,
    6.2087,
    1.3345,
    2.4703,
    14.2453,
    3.7611,
    5.3466,
    -4.4357,
    -6.5121,
    -1.7864,
    5.0909,
    5.8319,
    -7.0292,
    -5.4753,
    -5.9375,
    -11.1516,
    3.8296,
    -6.0544,
    6.3312,
    -20.5157,
    3.3555,
    -9.4799,
    0.3228,
    2.2643,
    19.4709,
    8.9433,
    2.855,
    1.3268,
    2.6016,
    -6.0314,
    11.3461,
    3.2865,
    -5.3864,
    9.4499,
    -5.2903,
    6.7825,
    -2.3613,
    -3.6157,
    -7.7569,
    -2.0227,
    -3.5948,
    9.4687,
    13.9167,
    -5.9678,
    15.3598,
    -10.0945,
    -9.5232,
    16.9821,
    12.0282,
    5.458,
    4.7554,
    -7.9272,
    7.0677,
    -6.5875,
    3.8642,
    -10.6323,
    2.9762,
    4.3197,
    -0.5144,
    6.0838,
    7.0304,
    2.2754,
    1.6788,
    -7.8266,
    -5.2554,
    -2.2986,
    1.6096,
    -11.075,
    -2.306,
    11.0887,
    -10.1914,
    -19.8341,
    -10.1696,
    12.0393,
    -4.7956,
    1.2592,
    0.3935,
    -3.6429,
    -0.1611,
    -4.0891,
    3.1479,
    -5.8962,
    -4.2076,
    -13.1266,
    -3.2039,
    0.7773,
    -9.6569,
    4.6967,
    -5.8952,
    -3.0676,
    -7.6023,
    -1.4047,
    3.7248,
    -11.5934,
    8.6427,
    -1.9675,
    0.3349,
    -8.3731,
    -2.8837,
    2.0972,
    0.0878,
    7.4423,
    -22.0896,
    -1.5711,
    -4.9654,
    -4.4365,
    -6.6882,
    1.0969,
    -3.9476,
    -2.7451,
    7.9054,
    -3.7104,
    9.4646,
    -2.3107,
    6.3472,
    1.0885,
    -7.9681,
    3.7484,
    -0.4018,
    -2.2915,
    6.4322,
    -9.0913,
    0.1744,
    4.4931,
    5.8646,
    11.0659,
    -6.9114,
    -6.1217,
    -8.4386,
    -0.6745,
    -6.7405,
    -2.3197,
    -2.8302,
    7.3265,
    6.3568,
    -0.3001,
    15.1797,
    -4.9166,
    14.7012,
    13.456,
    -1.4335,
    1.4609,
    -3.5523,
    7.8043,
    1.5967,
    2.149,
    -3.608,
    10.9519,
    0.1335,
    -7.7996,
    4.7498,
    -2.5567,
    -5.1095,
    4.5712,
    1.9883,
    -1.8979,
    -14.0457,
    -9.654,
    5.1534,
    -0.7193,
    7.1134,
    -2.8906,
    -6.3492,
    -7.1957,
    -7.7114,
    3.2024,
    -1.5069,
    2.3956,
    -9.0083,
    -4.3215,
    0.067,
    7.8097,
    -1.4178,
    -6.8483,
    4.5899,
    -5.1321,
    -4.1875,
    -2.2634,
    -0.1941,
    15.739,
    6.5369,
    -0.4335,
    -2.0046,
    11.8318,
    5.109,
    10.3701,
    -10.1533,
    3.8068,
    -12.5764,
    -10.3129,
    -1.8524,
    5.9241,
    -5.9588,
    0.854,
    6.0227,
    0.1174,
    -13.5941,
    10.9555,
    -12.1956,
    3.5872,
    3.02,
    -1.8746,
    -2.7771,
    0.7377,
    1.411,
    11.6917,
    -3.0209,
    9.8718,
    6.2748,
    9.7416,
    -26.3975,
    10.9095,
    -1.0609,
    -0.4265,
    7.1292,
    -3.7273,
    -8.2635,
    1.0632,
    -5.125,
    5.0591,
    6.3408,
    7.0827,
    4.3323,
    -10.7484,
    -10.2542,
    -3.4532,
    -6.5542,
    -6.3639,
    7.3859,
    -3.9035,
    3.768,
    0.4816,
    -5.5952,
    1.1522,
    -0.8662,
    0.2019,
    3.1154,
    -0.6284,
    0.3556,
    -0.5487,
    7.3442,
    -2.0847,
    6.2868,
    -0.5782,
    3.2698,
    -3.1193,
    -6.5828,
    -0.3533,
    0.1255,
    5.0542,
    0.2427,
    -2.8217,
    5.7526,
    3.0872,
    -0.246,
    1.7461,
    0.4777,
    2.4721,
    0.9409,
    -1.5382
  ]
]