[
  [
    -2.0718,
    7.1427,
    -3.3677,
    -7.0813,
    2.459,
    1.3864,
    3.3083,
    -13.7717,
    1.9338,
    6.5275,
    6.1099,
    1.201,
    -8.6232,
    -4.5146,
    -7.0685,
    7.7684,
    2.2589,
    4.342,
    2.9149,
    -0.6211,
    -0.6354,
    -1.3453,
    1.5425,
    -4.0231,
    -4.9454,
    9.3903,
    -3.7781,
    -5.0031,
    -0.3266,
    0.5489,
    12.8637,
    6.2968,
    5.1363,
    4.3815,
    2.8412,
    -1.2728,
    -0.9882,
    -3.2676,
    -9.3611,
    -2.0319,
    3.9847,
    1.9501,
    6.7014,
    -1.6428,
    -0.0276,
    -0.5523,
    -4.4228,
    -0.8684,
    -2.6037,
    -0.911,
    6.4041,
    -2.9758,
    3.5299,
    2.9042,
    -0.0549,
    4.9664,
    -8.9125,
    1.0145,
    2.0995,
    -1.597,
    6.2296,
    -2.647,
    3.8941,
    0.8883,
    0.7803,
    6.0922,
    -6.3944,
    -2.5948,
    1.043,
    4.3323,
    8.5415,
    -8.9457,
    3.3763,
    0.1553,
    -5.7197,
    -5.8937,
    -0.7152,
    2.722,
    -1.1974,
    -9.6675,
    3.505,
    1.7982,
    -8.83,
    2.0563,
    -0.0518,
    -0.0808,
    4.3576,
    -0.2642,
    6.6954,
    0.4899,
    -0.9777,
    -2.7941,
    3.5266,
    -1.4839,
    10.8369,
    -1.6958,
    -7.2108,
    5.8171,
    6.6185,
    -3.3603,
    -7.1862,
    -0.883,
    -6.2461,
    5.6396,
    -2.4556,
    -3.2189,
    -6.6152,
    -8.788,
    -2.9643,
    1.3636,
    -4.5383,
    11.8188,
    0.8253,
    -3.645,
    5.5467,
    2.3824,
    6.8149,
    -2.4749,
    2.0738,
    -5.7639,
    -2.512,
    -3.8084,
    -2.8814,
    5.9546,
    1.5339,
    5.3785,
    6.0882,
    -14.9439,
    3.1462,
    -5.6322,
    -2.6739,
    6.0544,
    2.8883,
    -0.4247,
    -9.7691,
    -0.9215,
    -10.0608,
    -1.8964,
    5.3407,
    2.8532,
    2.0083,
    5.047,
    -2.4869,
    0.4939,
    -1.59,
    6.6619,
    2.9509,
    2.1186,
    0.633,
    0.7694,
    -9.1365,
    3.9725,
    9.7586,
    0.5323,
    -12.3962,
    14.15,
    -2.3297,
    -0.6689,
    -6.3952,
    -6.5144,
    2.0972,
    6.9699,
    -4.4755,
    0.2277,
    4.4705,
    1.6547,
    4.0282,
    9.1381,
    3.0882,
    -11.8181,
    6.5244,
    -5.6577,
    0.051,
    -3.7492,
    4.6215,
    8.3931,
    -0.2005,
    -2.4574,
    -1.6188,
    2.5741,
    1.3138,
    3.7985,
    2.8535,
    2.4887,
    0.8573,
    -1.1709,
    -4.2849,
    7.792,
    -10.0964,
    -5.7717,
    12.6462,
    7.3317,
    6.2243,
    -5.4114,
    3.1605,
    4.6752,
    7.1147,
    9.9817,
    -4.3712,
    -6.1329,
    4.4443,
    3.4727,
    11.0049,
    2.8158,
    -1.7776,
    -3.1422,
    5.262,
    0.3865,
    0.2584,
    -5.8426,
    -5.5675,
    -2.3427,
    0.2798,
    2.5808,
    -1.5113,
    8.6217,
    -6.8427,
    0.6459,
    9.6315,
    -9.6859,
    8.4597,
    -1.2806,
    2.7286,
    -7.695,
    -0.1608,
    -2.3433,
    0.9698,
    9.5965,
    -2.2453,
    -2.3959,
    2.7583,
    4.6062,
    5.6445,
    -4.1177,
    0.7897,
    0.1182,
    -1.3739,
    -1.7948,
    8.7759,
    -1.6324,
    1.0636,
    -0.6251,
    3.3419,
    0.026,
    -4.68,
    -0.0765,
    1.6447,
    -2.5693,
    -11.3038,
    7.0382,
    -1.8476,
    7.6452,
    -5.6358,
    -1.467,
    7.4791,
    0.9534,
    3.3304,
    0.1773,
    5.8855,
    0.8267,
    -3.282,
    -13.2544,
    5.6045,
    3.1584,
    -2.2545,
    1.2293,
    1.9998,
    1.7909,
    -5.1728,
    1.0193,
    1.5672,
    -2.9179,
    -2.4122,
    -0.7391,
    -2.9164,
    -8.9021,
    -0.515,
    -4.7444,
    -5.1536,
    -5.5421,
    -0.8408,
    4.9196,
    9.4233,
    10.9062,
    6.9771,
    4.8739,
    -10.6306,
    -4.5779,
    -7.2348,
    -5.9256,
    -1.5741,
    7.2018,
    -9.3908,
    1.934,
    -3.7532,
    6.7166,
    -0.1536,
    1.2839,
    7.068,
    5.7387,
    -1.4064,
    -0.4541,
    2.3302,
    -5.7992,
    -4.4945,
    6.1723,
    4.0833,
    -0.9141,
    7.4808,
    -1.7155,
    2.7477,
    1.7089,
    2.6893,
    2.3071,
    -4.4328,
    1.7394,
    7.1471,
    2.3558,
    3.7102,
    1.5073,
    0.8058,
    10.743,
    5.251,
    0.1814,
    1.4671,
    5.0402,
    5.196,
    -3.5251,
    11.1096,
    2.6106,
    0.133,
    -3.5676,
    3.7059,
    -6.1121,
    -4.4929,
    -1.4642,
    2.8712,
    -4.5758,
    -7.7169,
    -6.9555,
    6.9334,
    1.4169,
    4.9135,
    -8.6997,
    -0.9272,
    4.432,
    5.4397,
    1.3562,
    -7.2578,
    0.784,
    -2.8919,
    6.8669,
    -8.4023,
    5.9465,
    1.6294,
    5.0403,
    0.7965,
    -0.2772,
    3.3203,
    4.3575,
    5.9746,
    -4.2788,
    5.6516,
    -3.3326,
    4.894,
    -6.3565,
    -3.0409,
    5.8859,
    -3.6682,
    2.9117,
    3.7173,
    -5.1343,
    5.8902,
    7.3948,
    4.5996,
    -5.2559,
    -10.1227,
    5.7271,
    3.6561,
    -8.2899,
    -3.729,
    -3.2864,
    -6.9904,
    -4.4818,
    3.0329,
    -5.5594,
    -1.6323,
    -1.7957,
    -0.7341,
    3.9296,
    -0.9026,
    1.7056,
    -5.7889,
    2.7382,
    6.0779,
    4.0304,
    2.9656,
    0.141,
    -7.2042,
    -1.0062,
    3.2875,
    7.0317,
    -0.8419,
    1.807,
    5.1582,
    -3.6981,
    3.8831,
    -1.5861,
    16.8457,
    6.0147,
    -4.6014,
    1.7241,
    1.8606,
    7.5511,
    -0.4442,
    9.7839,
    5.4937,
    -5.9579,
    -4.2073,
    4.4195,
    1.0561,
    5.5075,
    5.2954,
    -10.7885,
    -0.971,
    3.2252,
    0.7826,
    -9.5905,
    -1.2831,
    0.1484,
    -0.2559,
    -6.425,
    4.5295,
    -3.8426,
    -5.2314,
    4.7183,
    3.6407,
    -4.6403,
    2.4656,
    -6.4373,
    8.5399,
    -0.6362,
    -3.7181,
    -4.869,
    2.9872,
    1.1982,
    5.0632,
    1.5607,
    3.2507,
    6.8465,
    2.2747,
    0.4422,
    -11.3039,
    -1.8074,
    -1.0151,
    6.7698,
    -2.1721,
    -5.7878,
    -0.2191,
    3.4219,
    -4.9124,
    0.3217,
    6.994,
    7.0123,
    -3.2765,
    -3.892,
    -4.6602,
    -0.0738,
    -3.6757,
    8.6756,
    4.756,
    2.5351,
    4.5445,
    -3.4994,
    -3.5619,
    -3.8116,
    7.6634,
    -9.674,
    -11.0352,
    -2.3756,
    1.8006,
    -0.3423,
    -2.6609,
    -4.2093,
    -1.7171,
    -0.7411,
    -6.6086,
    -5.3222,
    -2.9345,
    -3.7688,
    -6.3787,
    3.3758,
    -2.7486,
    8.7097,
    4.803,
    -1.7446,
    2.305,
    6.1752,
    -0.4688,
    -12.7048,
    2.5843,
    3.9986,
    1.8663,
    -2.996,
    -2.9129,
    -4.9915,
    1.2639,
    1.1691,
    11.1519,
    -6.4829,
    5.3696,
    -2.1537,
    2.567,
    1.5971,
    -2.3764,
    1.4594,
    -7.3034,
    3.9642,
    4.3705,
    -5.7924,
    -3.7414,
    7.3372,
    1.4537,
    -2.9614,
    -0.0576,
    3.5717,
    -6.5184,
    0.213,
    3.2256,
    -1.3948,
    1.523,
    0.7763,
    1.1139,
    1.4002,
    -5.6685,
    0.6067,
    -3.7954,
    -6.4694,
    -3.9679,
    -6.9658,
    -11.1627,
    8.2969,
    8.7391,
    4.483,
    2.5912,
    -4.9618,
    -1.9403,
    2.2277,
    -2.4431,
    7.768,
    -7.802,
    -2.9705,
    8.8363,
    -2.0195,
    0.9716,
    6.1036,
    -8.2603,
    0.1807,
    3.2886,
    2.8103,
    6.7511,
    -3.4708,
    4.4375,
    3.7888,
    -6.0096,
    -2.6312,
    -6.6417,
    -0.5569,
    3.7775,
    -2.0699,
    3.6802,
    -5.4803,
    -5.1927,
    6.4004,
    5.5989,
    -2.6997,
    -0.9044,
    -6.5248,
    4.7366,
    -4.2745,
    2.0237,
    3.2197,
    -4.6624,
    -11.062,
    3.7603,
    -4.9218,
    -4.3285,
    1.486,
    -2.6021,
    6.165,
    6.3397,
    3.2308,
    1.2945,
    -0.9939,
    -4.4215,
    -2.1659,
    -8.6115,
    -3.6457,
    5.7507,
    -4.2832,
    2.5112,
    -10.6836,
    -4.5597,
    0.3745,
    6.418,
    10.6401,
    -3.8127,
    -9.9328,
    -7.7654,
    -5.8114,
    -0.0792,
    -7.1207,
    0.7129,
    7.9414,
    -7.7112,
    0.8207,
    1.6222,
    -4.3606,
    3.4148,
    -2.492,
    3.3413,
    -1.122,
    1.3141,
    7.4918,
    -7.6034,
    2.0056,
    1.8592,
    1.8741,
    5.2787,
    -1.7404,
    8.6145,
    -6.3962,
    -0.7015,
    1.9286,
    7.0077,
    -12.3834,
    -1.7174,
    -2.74,
    -9.4089,
    -1.9719,
    -3.2295,
    -6.9013,
    -4.6703,
    -2.3067,
    5.1344,
    -3.1703,
    -2.2682,
    8.3099,
    -1.7501,
    0.4385,
    10.4405,
    2.1948,
    -12.5093,
    -1.6829,
    2.011,
    5.0294,
    4.8602,
    -8.7607,
    7.2804,
    -0.2073,
    -1.8338,
    -2.0455,
    -5.2461,
    -0.03,
    -1.9412,
    1.5323,
    -4.298,
    -1.4808,
    -1.6893,
    -4.9924,
    0.3642,
    1.5837,
    -1.6205,
    0.4799,
    -0.566,
    4.2801,
    0.4375,
    -0.156,
    6.9642,
    5.8176,
    4.1399,
    1.5849,
    -0.5585,
    -0.297,
    -0.9622,
    -7.1217,
    -2.7107,
    5.9118,
    -5.4182,
    1.5954,
    5.9135,
    -9.185,
    6.9598,
    3.2049,
    3.7542,
    7.8316,
    -0.3,
    5.0412,
    -0.4371,
    2.0491,
    1.2271,
    8.9291,
    4.2142,
    6.1051,
    -8.1834,
    5.1468,
    4.2484,
    0.8743,
    -7.8171,
    -4.2382,
    2.8262,
    -2.9034,
    -3.3875,
    -2.5307,
    12.2104,
    6.1783,
    -5.691,
    4.9913,
    1.4118,
    -1.2762,
    3.3969,
    8.6583,
    -3.3707,
    -1.6242,
    0.4529,
    -4.0351,
    -1.7499,
    -4.749,
    7.4618,
    1.1952,
    11.3355,
    5.7052,
    8.2035,
    1.573,
    8.9597,
    4.1233,
    5.3978,
    3.2426,
    -3.1524,
    -0.9361,
    -0.0193,
    -8.1296,
    3.3473,
    -1.2489,
    0.4258,
    6.3096,
    -6.1932,
    6.7451,
    -4.3701,
    -3.2219,
    4.8165,
    -2.8664,
    6.3117,
    -7.4166,
    0.746,
    -4.3006,
    9.3278,
    2.1678,
    2.2403,
    -8.4372,
    6.2682,
    6.3147,
    1.9793,
    2.6485,
    -1.7215,
    0.8144,
    3.3183,
    5.8314,
    3.6755,
    -6.4691,
    -2.4856,
    -0.898,
    0.2334,
    10.5559,
    2.7523,
    12.5959,
    -7.1182,
    2.6653,
    8.3534,
    -3.0159,
    -3.2425,
    3.0949,
    2.4378,
    -1.4049,
    11.5365,
    2.0569,
    -4.0571,
    6.0487,
    3.5017,
    -2.0884,
    1.2203,
    1.781,
    -1.8165,
    4.7219,
    -2.9355,
    3.5149,
    2.0335,
    0.4536,
    -0.1446,
    6.3149,
    -1.8773,
    0.9635,
    6.4909,
    7.4758,
    -1.6478,
    -0.6959,
    -0.5167,
    -7.4847,
    0.3906,
    -4.5916,
    9.3241,
    2.6163,
    -6.1185,
    -1.8577,
    1.2208,
    11.6426,
    -2.4825,
    -4.3718,
    1.4338,
    0.787,
    -1.0819,
    -3.8038,
    3.0798,
    0.3402,
    5.3168,
    0.8746,
    -2.2598,
    1.3988,
    8.4576,
    4.6753,
    -7.8955,
    1.8248,
    -4.4836,
    7.9818,
    -6.3982,
    10.6846,
    3.3427,
    8.956,
    -6.009,
    2.1206,
    1.9133,
    6.4899,
    0.0871,
    -1.0428,
    1.9621,
    4.7921,
    1.2414,
    4.4274,
    4.409,
    9.8727,
    -0.827,
    3.6914,
    -5.7923,
    1.4137,
    -8.7932,
    0.6824,
    5.9544,
    3.0537,
    3.8511,
    6.6778,
    -0.024,
    0.4425,
    -2.4235,
    -8.4705,
    0.9414,
    -9.8464,
    2.0006,
    4.6181,
    -5.8697,
    -0.7633,
    1.458,
    -5.9821,
    2.3972,
    -0.3686,
    -13.3498,
    -0.4196,
    8.4013,
    -4.5218,
    5.904,
    2.7882,
    5.0036,
    0.2518,
    8.4199,
    -2.4478,
    -1.2991,
    7.0602,
    2.8685,
    5.2904,
    -2.6753,
    -3.0608,
    -2.8735,
    3.5084,
    -0.3207,
    1.3341,
    -1.1682,
    6.1338,
    4.307,
    5.8029,
    -0.0008,
    -3.7396,
    -0.9348,
    -4.5148,
    -1.065,
    -10.155,
    2.8881,
    0.1523,
    5.5119,
    -0.996,
    -4.5995,
    -5.3087,
    7.5335,
    -1.206,
    0.4992,
    -1.2233,
    -5.0501,
    1.6177,
    2.471,
    1.2314,
    -7.0817,
    -0.1111,
    4.8406,
    -5.7672,
    1.7312,
    0.6564,
    -2.12,
    4.9774,
    7.9454,
    4.5181,
    2.2488,
    9.1311,
    0.6418,
    1.0558,
    -1.0286,
    1.4363,
    -1.4035,
    5.2294,
    -4.9161,
    6.995,
    -2.1307,
    4.5834,
    1.9608,
    4.4508,
    5.2856,
    -9.8435,
    -2.8328,
    2.7737,
    7.8544,
    8.1881,
    -1.5317,
    -3.5897,
    6.6432,
    -4.3244,
    -2.0532,
    10.6988,
    2.6666,
    1.6857,
    7.0544,
    7.8404,
    -1.0986,
    6.6816,
    2.5018,
    2.6033,
    1.5359,
    -2.3505,
    -7.0423,
    0.9206,
    1.8156,
    4.5047,
    -2.8783,
    6.2882,
    -7.6577,
    1.012,
    0.2247,
    -4.7466,
    1.3315,
    -3.3592,
    -1.2868,
    2.4926,
    -8.7586,
    -4.0015,
    -7.2113,
    -8.1464,
    -1.4007,
    -3.2876,
    -0.0879,
    -3.7919,
    -5.9358,
    8.093,
    3.1006,
    5.3019,
    -2.5832,
    -2.9545,
    -6.9807,
    -12.6608,
    5.0897,
    -3.5466,
    3.0682,
    1.49,
    -3.0137,
    6.6052,
    -3.4758,
    1.3943,
    -0.4609,
    -0.9419,
    -2.1631,
    10.6638,
    -10.2189,
    -3.3215,
    -3.287,
    3.8188,
    -9.4694,
    3.3632,
    -11.1342,
    -0.6342,
    5.5918,
    0.5231,
    -4.7262,
    -4.0488,
    10.828,
    3.907,
    -6.2071,
    2.7057,
    5.7576,
    5.636,
    11.4133,
    0.2788,
    -0.1915,
    5.4713,
    -2.397,
    -3.0686,
    -5.4301,
    11.0736,
    2.6994,
    -4.699,
    4.1663,
    0.1512,
    2.6202,
    -0.8082,
    -5.473,
    -0.9523,
    0.7998,
    1.4891,
    4.856,
    4.6006,
    0.1644,
    -3.4798,
    -6.8262,
    2.427,
    5.2437,
    -6.2542,
    0.9717,
    -5.8442,
    3.5262,
    2.4032,
    0.4505,
    -2.9264,
    6.2604,
    4.642,
    -2.7149,
    8.2368,
    -1.8051,
    3.2233,
    1.7569,
    1.3105,
    -0.9878,
    2.4327,
    -0.886,
    -1.7633,
    -2.3213,
    -3.2525,
    -7.0275,
    -11.0664,
    -5.2154,
    -0.498,
    -0.9485,
    6.6742,
    -1.1059,
    -8.3018,
    -6.5823,
    4.1547,
    1.0993,
    10.474,
    11.3205,
    -4.8235,
    4.3934,
    -2.0554,
    -0.9707,
    1.9194,
    3.0469,
    -5.1972,
    -3.056,
    -0.0743,
    -11.6628,
    2.3436,
    -3.6975,
    1.6145,
    -7.1763,
    -2.6125,
    -9.841,
    0.1716,
    -2.3969,
    4.9179,
    0.3737,
    3.792,
    -0.3031,
    2.8342,
    2.7363,
    -8.7116,
    -7.8724,
    5.6327,
    6.037,
    0.0677,
    4.6169,
    8.4626,
    -1.0835,
    4.8793,
    4.4973,
    0.8846,
    -3.3442,
    -1.3241,
    1.4332,
    -2.4775,
    2.4742,
    -1.9259,
    -8.4542,
    0.532,
    -1.4584,
    -1.3211,
    0.9,
    10.0946,
    0.0553,
    -4.9334,
    -6.9817,
    -1.6285,
    0.6992,
    0.2923,
    7.1011,
    1.3274,
    -1.867,
    4.9597,
    -3.3163,
    8.9778,
    4.5814,
    7.4004,
    -2.9994,
    -6.1479,
    -2.6468,
    -2.1626,
    0.3125,
    2.7954,
    1.4883,
    -2.719,
    -0.6727,
    7.1106,
    -0.4746,
    -2.0626,
    3.5567,
    3.1521,
    -10.9507,
    -5.0798,
    -0.6118,
    -6.7972,
    0.1517,
    -0.2813,
    1.7029,
    6.0069,
    -2.5613,
    -5.9604,
    -3.2116,
    3.1971,
    3.6597,
    -15.6399,
    9.0454,
    9.7813,
    -5.1236,
    8.1714,
    3.9236,
    -6.8176,
    -4.225,
    0.611,
    2.5073,
    7.6615,
    -6.8898,
    -1.1888,
    -2.5988,
    5.4398,
    -12.0,
    -6.7631,
    -5.6421,
    2.2417,
    -1.9395,
    5.493,
    15.3562,
    -0.0667,
    0.1666,
    -1.8544,
    6.5558,
    5.1283,
    1.9648,
    3.0957,
    2.8951,
    -2.4602,
    1.5154,
    -7.6519,
    4.1639,
    0.4324,
    -5.4827,
    1.0159,
    2.2104,
    8.5794,
    3.0728,
    7.3067,
    7.3954,
    0.9845,
    -5.1965,
    -7.3051,
    -2.2288,
    -12.1615,
    -10.7245,
    1.1548,
    5.8636,
    -6.1736,
    0.7307,
    0.4205,
    -2.6207,
    4.3647,
    12.5551,
    1.2011,
    2.7375,
    -5.0213,
    1.2681,
    -0.2576,
    -3.3839,
    -2.4823,
    2.598,
    0.5627,
    0.3563,
    1.0335,
    5.197,
    -6.602,
    4.8641,
    0.7156,
    -0.5106,
    -0.2526,
    9.2511,
    2.7143,
    -0.5917,
    3.1415,
    -6.0461,
    -5.1093,
    3.7224,
    -0.7383,
    -3.2567,
    7.7472,
    -3.5671,
    -2.4165,
    -2.1281,
    2.3779,
    -3.5405,
    7.9534,
    3.7502,
    0.5203,
    0.6719,
    -0.3136,
    1.9765,
    -8.915,
    4.4408,
    6.9669,
    -6.3154,
    5.6513,
    3.0053,
    3.669,
    1.8893,
    -3.9916,
    2.0679,
    -6.7576,
    -1.4616,
    1.3098,
    -9.5661,
    -0.8819,
    -2.9238,
    -15.4296,
    8.395,
    -2.1294,
    1.368,
    -6.1256,
    -0.5848,
    10.6759,
    -0.3951,
    8.9295,
    -5.7695,
    -7.5903,
    -1.767,
    4.3816,
    4.3726,
    2.1429,
    -4.7588,
    -1.2549,
    -3.8841,
    1.6628,
    6.3918,
    -0.3224,
    2.0638,
    -0.6803,
    -2.0485,
    -3.2109,
    2.0316,
    -9.3421,
    -0.177,
    -0.3789,
    -2.572,
    0.8033,
    -3.8572,
    -4.1684,
    -7.5356,
    1.1322,
    -5.0397,
    -4.6464,
    -4.5917,
    -4.7216,
    0.1144,
    -2.484,
    0.1938,
    0.4179,
    -0.2398,
    2.6301,
    1.4494,
    3.2093,
    4.5819,
    7.9798,
    1.4511,
    -6.1625,
    -2.9725,
    1.1455,
    5.7529,
    -5.7297,
    0.0538,
    1.6556,
    -5.9352,
    -9.2729,
    -0.6218,
    -6.528,
    -4.4639,
    0.1503,
    8.7363,
    2.0227,
    1.3849,
    -4.5885,
    -5.9783,
    -2.0235,
    -0.6948,
    -1.3474,
    -2.4439,
    -1.0491,
    -0.1225,
    -0.0541,
    4.4345,
    -10.896,
    2.0876,
    0.8301,
    5.1921,
    0.8055,
    -3.4102,
    -3.2038,
    2.0219,
    -0.776,
    -1.4536,
    -0.2583,
    -3.7568,
    7.4299,
    -9.1312,
    -10.9327,
    3.3926,
    6.0922,
    -5.064,
    -1.8596,
    -11.3703,
    0.2202,
    -3.2463,
    5.8033,
    2.128,
    5.4075,
    1.5423,
    4.1271,
    -1.0236,
    -3.9476,
    10.5165,
    0.2773,
    4.908,
    -9.4352,
    -1.5052,
    -1.6508,
    -4.5088,
    -9.8266,
    -4.0865,
    -3.6021,
    -3.5195,
    -2.3735,
    -8.8765,
    -2.6509,
    -3.3003,
    -1.5761,
    -4.5366,
    4.4714,
    2.6359,
    -5.5561,
    -7.913,
    2.6091,
    -1.7847,
    -9.9765,
    -0.6783,
    7.0166,
    -1.351,
    -5.017,
    0.0432,
    -8.5292,
    5.469,
    7.8456,
    4.8439,
    -6.8963,
    -5.781,
    4.2999,
    -1.0162,
    4.0257,
    1.6006,
    2.8532,
    -0.9361,
    2.0519,
    4.6488,
    6.8724,
    -0.5029,
    2.0956,
    3.9517,
    -13.2172,
    1.2453,
    3.9342,
    -1.7588,
    -1.8594,
    -5.9705,
    -3.2279,
    4.8351,
    -0.9136,
    -7.6028,
    -0.5778,
    -5.8664,
    -0.5114,
    -0.4224,
    -5.0334,
    -8.3759,
    2.6939,
    -5.2883,
    -2.9125,
    -1.9762,
    3.4825,
    7.698,
    6.1344,
    -5.6417,
    -5.4248,
    -3.1361,
    2.5812,
    -2.7574,
    -5.8454,
    -6.4359,
    9.8081,
    7.7369,
    0.3567,
    0.6654,
    -0.9446,
    7.5713,
    -0.7138,
    3.4166,
    0.4675,
    -0.5344,
    -2.3809,
    -2.1831,
    0.6304,
    -3.7371,
    -2.8154,
    0.5672,
    6.3432,
    -2.1264,
    -0.6132,
    1.7509,
    -1.679,
    3.1003,
    6.3626,
    1.6034,
    -6.1339,
    0.7232,
    8.168,
    -9.8369,
    5.8819,
    -0.38,
    -4.1428,
    -15.2913,
    4.0989,
    1.6871,
    0.4337,
    1.8193,
    5.194,
    -6.7869,
    5.1786,
    -3.2081,
    -3.2897,
    -9.6312,
    0.0565,
    2.5732,
    -0.4952,
    1.0404,
    7.8157,
    5.3129,
    8.1715,
    0.6257,
    -5.8368,
    -3.2219,
    4.4735,
    -1.6128,
    7.0874,
    -0.3448,
    2.9878,
    7.5568,
    -9.0392,
    -4.1234,
    22.1244,
    -2.9772,
    -3.2659,
    -1.8545,
    -6.109,
    -2.993,
    1.6141,
    -3.9706,
    2.8076,
    -7.0854,
    -8.0837,
    0.1687,
    3.1047,
    -1.4295,
    6.9495,
    5.5231,
    -10.4657,
    3.4302,
    3.031,
    4.8948,
    3.438,
    6.7815,
    -5.4759,
    -3.5608,
    5.3558,
    0.8529,
    1.173,
    -2.3728,
    0.3716,
    -9.3662,
    -8.4483,
    0.3076,
    -0.0015,
    5.2651,
    3.5515,
    -0.7974,
    4.0465,
    2.302,
    4.2396,
    1.8374,
    -6.5031,
    3.7674,
    -2.1929,
    0.356,
    4.7437,
    1.1983,
    -0.4761,
    -6.9352,
    0.7443,
    1.2407,
    -1.5326,
    7.0634,
    1.5167,
    3.269,
    -4.4849,
    -1.3907,
    -0.0875,
    0.2084,
    0.7794,
    0.3906,
    -5.9276,
    -3.4323,
    8.031,
    2.4007,
    -5.7773,
    4.1435,
    -3.7704,
    8.6266,
    2.6668,
    -4.7425,
    2.8251,
    10.8134,
    5.2255,
    2.6677,
    -1.9639,
    -0.8172,
    -3.3473,
    -1.26,
    1.3605,
    5.292,
    5.9789,
    -7.0184,
    -7.6849,
    -5.5783,
    -3.0849,
    4.4872,
    3.4163,
    8.6352,
    5.4074,
    4.5038,
    -1.8581,
    0.8532,
    7.13,
    -5.1187,
    -3.4053,
    3.5834,
    7.2368,
    -0.8159,
    2.7758,
    7.2799,
    -16.3117,
    -0.0151,
    1.4401,
    -2.41,
    4.4427,
    -4.1121,
    -2.883,
    2.0134,
    8.7908,
    -0.3905,
    3.8329,
    -5.3907,
    2.0463,
    -2.584,
    4.573,
    -6.766,
    -0.3254,
    -4.3489,
    -7.0107,
    -3.813,
    -3.9007,
    2.0864,
    -4.2343,
    -0.6965,
    1.5592,
    4.1538,
    1.0146,
    -9.6056,
    -5.0524,
    4.9693,
    8.6474,
    -1.2978,
    9.2354,
    -1.449,
    -7.5996,
    4.765,
    4.3907,
    3.9582,
    1.6812,
    -2.5838,
    7.4526,
    0.6108,
    4.7455,
    -0.605,
    -6.1682,
    3.3507,
    4.722,
    4.6445,
    -13.5204,
    1.5282,
    1.4225,
    1.4881,
    -6.7648,
    -1.1897,
    0.8026,
    1.7124,
    -0.497,
    -0.202,
    -4.0384,
    -8.8292,
    10.9272,
    -1.3688,
    -3.4028,
    3.023,
    1.149,
    -6.1226,
    4.0989,
    -2.0159,
    6.676,
    -2.5289,
    0.4786,
    0.622,
    -1.0952,
    -5.4458,
    -7.3057,
    1.3242,
    0.4053,
    0.6452,
    -5.8505,
    -5.428,
    5.4423,
    1.9177,
    5.8053,
    -2.3593,
    0.3129,
    7.3038,
    -7.477,
    0.0394,
    -4.2143,
    8.9303,
    9.9959,
    -3.2077,
    -8.1357,
    5.3338,
    -6.2762,
    8.9626,
    11.4939,
    0.474,
    -6.1756,
    -4.7931,
    -1.5666,
    -0.6514,
    -4.8721,
    0.1765,
    -4.0738,
    -4.2327,
    2.8512,
    0.7084,
    -8.8822,
    -3.9417,
    7.4369,
    3.3481,
    -6.6953,
    6.4865,
    4.1823,
    -3.504,
    -0.1076,
    0.2631,
    6.5373,
    2.5663,
    -1.1396,
    0.7981,
    3.0227,
    -1.3161,
    7.1677,
    -6.3319,
    -2.5894,
    -4.7272,
    3.0949,
    0.8624,
    3.3839,
    -3.6476,
    3.3805,
    2.2081,
    4.8026,
    4.4016,
    7.5278,
    -12.5183,
    12.2893,
    -1.9595,
    -4.0604,
    -4.6142,
    4.4252,
    5.3303,
    14.909,
    -3.5057,
    -0.3713,
    -2.0275,
    9.5601,
    -2.2106,
    0.5059,
    -8.3057,
    -0.4871,
    -6.6296,
    -2.6443,
    -2.5087,
    2.431,
    -0.5778,
    0.9853,
    3.6983,
    5.227,
    1.4294,
    6.4198,
    6.1734,
    -5.694,
    -3.2227,
    -0.565,
    3.3363,
    4.2088,
    5.6045,
    -3.2801,
    -5.6803,
    4.1298,
    -8.925,
    3.3363,
    5.5191,
    -4.6368,
    -2.2929,
    -2.5222,
    1.9635,
    6.0481,
    12.0204,
    -0.0616,
    -0.1198,
    -2.9197,
    -9.9143,
    -6.7601,
    -1.5282,
    2.6949,
    -8.4773,
    -5.2458,
    5.9922,
    -3.9314,
    0.3298,
    4.4582,
    7.1307,
    -6.2469,
    3.5086,
    6.7508,
    6.6547,
    -1.5995,
    -2.8163,
    5.4112,
    7.9095,
    8.6763,
    -3.9311,
    7.1544,
    1.9328,
    5.1095,
    -0.811,
    -3.6729,
    0.4293,
    4.3485,
    -5.4028,
    8.2596,
    -3.3132,
    7.1725,
    1.1543,
    1.2271,
    4.1402,
    -0.7626,
    -0.4362,
    0.4797,
    -4.9752,
    7.1469,
    -1.7978,
    4.7896,
    -6.8446,
    1.3232,
    2.1281,
    2.6328,
    -2.6337,
    5.4848,
    -3.5745,
    2.6902,
    -1.6829,
    -3.5042,
    -0.9983,
    -5.0024,
    -8.7157,
    1.6915,
    4.4067,
    4.7886,
    -4.1851,
    5.2891,
    0.5021,
    -2.2825,
    -6.717,
    1.7145,
    1.6073,
    -5.11,
    -0.4561,
    0.1987,
    -5.2148,
    -5.1351,
    1.1742,
    -0.7649,
    -2.756,
    -5.6128,
    1.8966,
    -6.5672,
    3.848,
    0.9353,
    -0.0344,
    -3.5503,
    6.686,
    0.7002,
    -3.7086,
    -2.8008,
    3.2431,
    2.2957,
    6.0374,
    -7.7629,
    -2.2692,
    -0.9157,
    0.924,
    -3.1207,
    2.8927,
    -1.5816,
    -12.8073,
    7.8015,
    -1.3307,
    -2.2531,
    -5.7947,
    -1.0,
    -6.9566,
    4.1133,
    6.3827,
    10.9499,
    0.5851,
    1.396,
    -10.7118,
    -6.5139,
    3.7268,
    7.1681,
    -5.626,
    -4.8754,
    6.7875,
    -2.0617,
    6.1621,
    6.2807,
    -6.5171,
    2.9495,
    3.3233,
    18.5551,
    1.9571,
    -1.4178,
    1.0847,
    -3.2046,
    6.0363,
    -2.1875,
    10.1391,
    -4.96,
    -3.9249,
    1.4885,
    -2.8752,
    -0.4391,
    -2.119,
    -3.6167,
    -2.2298,
    -3.9851,
    4.6727,
    -7.4776,
    1.2072,
    5.0738,
    1.1303,
    7.2581,
    -0.2185,
    5.7845,
    3.1488,
    3.2649,
    3.5941,
    3.7202,
    -6.0921,
    -0.6544,
    -0.525,
    10.5442,
    -2.6834,
    -7.518,
    1.4479,
    1.8252,
    -0.14,
    -0.8163,
    -6.6597,
    -5.9887,
    -3.2248,
    -3.4239,
    -9.2899,
    9.9214,
    -3.7427,
    -0.7989,
    -6.3157,
    4.6546,
    0.6234,
    6.4934,
    5.4866,
    -1.8471,
    1.2843,
    -3.3458,
    -3.5747,
    -11.2753,
    -8.5113,
    -9.2989,
    -0.5373,
    -3.0717,
    -0.1873,
    -6.9592,
    -1.323,
    5.8969,
    -0.3755,
    -3.5086,
    -0.5154,
    -2.4024,
    5.3249,
    -3.0825,
    -1.7273,
    1.4525,
    -4.362,
    1.1333,
    3.9551,
    0.9395,
    -3.4871,
    5.1705,
    3.582,
    3.6146,
    -1.79,
    3.5691,
    2.5233,
    4.6708,
    4.9104,
    5.1766,
    -0.5023,
    11.3867,
    -6.4927,
    6.1854,
    5.1011,
    5.0717,
    2.0648,
    6.9256,
    4.5192,
    1.1841,
    3.1237,
    2.969,
    2.8973,
    -3.3279,
    -2.2869,
    4.0186,
    -10.6034,
    -2.574,
    -2.9518,
    -2.4928,
    3.2001,
    4.9291,
    10.8439,
    2.4322,
    1.9878,
    0.3992,
    11.4122,
    -3.9143,
    7.2137,
    -3.6023,
    10.7193,
    1.3801,
    2.4364,
    -0.56,
    -3.2107,
    -4.6859,
    5.4093,
    -0.3852,
    -4.4057,
    6.0299,
    -3.2571,
    7.3888,
    -4.8708,
    5.7605,
    -0.1422,
    2.7074,
    2.5617,
    1.2931,
    -4.9475,
    8.2598,
    6.1229,
    -6.5673,
    -5.3763,
    0.8746,
    1.5262,
    1.9446,
    -1.1032,
    -2.2124,
    -6.8782,
    2.9444,
    0.8895,
    6.1751,
    3.341,
    -0.9464,
    -3.2868,
    -3.785,
    -5.8721,
    3.5554,
    1.6838,
    0.1707,
    12.0214,
    -1.7668,
    -3.8415,
    4.0471,
    3.3941,
    -7.2764,
    -8.8485,
    3.6383,
    0.5839,
    1.67,
    -5.0917,
    2.222,
    -1.3556,
    4.0157,
    -6.095,
    -11.3634,
    13.054,
    4.9765,
    -1.6645,
    -1.2867,
    4.4141,
    -3.3018,
    6.042,
    7.5718,
    0.0171,
    0.8387,
    -0.8116,
    -0.1016,
    -5.4273,
    1.1901,
    0.5406,
    1.4301,
    -3.0856,
    2.7917,
    3.3558,
    -2.1121,
    4.1325,
    -2.9837,
    7.4957,
    6.5613,
    -2.825,
    -2.1473,
    -0.2989,
    -2.812,
    1.7529,
    -3.4581,
    -1.247,
    -1.5597,
    15.2786,
    -7.932,
    -6.371,
    -2.3749,
    -1.3176,
    7.8305,
    6.4071,
    -1.4341,
    -1.9162,
    -0.4433,
    -0.3157,
    9.8031,
    -7.4707,
    2.2652,
    -4.9212,
    -4.4588,
    -7.6553,
    -11.1625,
    -4.4252,
    -5.5243,
    -7.6602,
    -2.3567,
    -2.3757,
    -1.4947,
    0.9505,
    -2.6274,
    -0.3397,
    -2.4578,
    6.7317,
    -11.1016,
    -0.7702,
    -3.435,
    -0.2554,
    1.9483,
    1.2239,
    4.3808,
    -14.2527,
    4.4367,
    -7.2503,
    -9.5429,
    1.1542,
    -3.2692,
    -12.0469,
    11.7414,
    -1.0252,
    9.1232,
    -9.2445,
    -2.0853,
    7.4276,
    5.9296,
    -2.7068,
    -3.4268,
    -2.4502,
    -5.7055,
    5.9719,
    1.8597,
    6.1735,
    -2.8511,
    5.2134,
    15.3487,
    -2.2523,
    -1.2395,
    4.1085,
    1.6253,
    3.4013,
    -1.1334,
    4.5266,
    2.6597,
    -2.9586,
    1.4664,
    0.2476,
    2.7922,
    -8.2622,
    1.9261,
    -1.511,
    1.6547,
    -2.5108,
    -8.8325,
    3.854,
    0.4635,
    -1.851,
    -6.0663,
    -5.0023,
    3.5422,
    -3.7946,
    6.346,
    9.4613,
    -4.2212,
    2.2843,
    6.6311,
    -2.2308,
    -3.2024,
    -7.3343,
    7.3738,
    10.3015,
    2.9612,
    5.656,
    -5.0703,
    -5.7222,
    -0.6076,
    5.7958,
    3.8626,
    -1.1055,
    1.6957,
    2.9079,
    0.1287,
    9.5202,
    1.9325,
    -0.0739,
    9.8634,
    3.0428,
    1.5755,
    -0.9835,
    7.1913,
    -5.8998,
    -9.77,
    9.4966,
    2.7398,
    11.0832,
    4.0961,
    -1.4818,
    12.6612,
    6.4977,
    -10.8169,
    3.1762,
    0.4819,
    0.3717,
    -1.1732,
    -1.297,
    -4.3869,
    -2.647,
    -4.4329,
    -2.6001,
    4.525,
    -1.6056,
    -0.7729,
    2.1417,
    -2.5493,
    -1.536,
    3.4334,
    3.638,
    2.7063,
    3.6135,
    3.3327,
    -2.1241,
    4.4933,
    1.2134,
    2.3348,
    -0.8517,
    -0.5368,
    -1.6714,
    1.4885,
    -5.113,
    6.7921,
    0.7965,
    -2.8101,
    -6.3777,
    -1.8724,
    -0.6356,
    -9.3577,
    -0.7834,
    -8.2344,
    3.5591,
    -4.7736,
    6.139,
    1.7865,
    -0.5947,
    6.3764,
    0.3921,
    -0.9632,
    6.6342,
    2.4592,
    1.0424,
    -5.1806,
    0.5061,
    -1.8176,
    3.7878,
    -2.6851,
    -7.3953,
    -6.9977,
    -1.0103,
    -4.047,
    8.8386,
    4.4396,
    -7.0223,
    -0.42,
    4.8404,
    -0.4666,
    2.7703,
    -2.8863,
    -3.9767,
    7.842,
    3.467,
    -0.1498,
    -0.7015,
    3.7495,
    5.7709,
    3.2888,
    -4.0992,
    -7.3789,
    -6.3764,
    1.1493,
    5.8483,
    -6.0982,
    3.6855,
    12.7427,
    -1.907,
    -4.1131,
    -3.1172,
    5.8161,
    -6.731,
    -2.0021,
    1.2439,
    4.8807,
    -1.8644,
    -3.4361,
    -6.4102,
    3.3713,
    1.4996,
    -8.8354,
    0.9191,
    -9.7608,
    7.0517,
    1.6689,
    7.8407,
    7.3008,
    1.9685,
    0.7043,
    1.6545,
    3.7885,
    -3.8434,
    -1.5301,
    4.9525,
    14.4356,
    4.2186,
    -4.6745,
    -4.5701,
    1.3922,
    -1.9825,
    0.0894,
    -3.0513,
    3.484,
    3.3226,
    5.9146,
    -8.7743,
    6.3281,
    8.0879,
    -4.2793,
    1.5101,
    -10.2635,
    -1.5748,
    -2.8761,
    -0.9704,
    2.9684,
    0.5838,
    -10.3599,
    -8.3276,
    -2.0312,
    -5.3884,
    -7.8999,
    6.5407,
    5.9132,
    6.265,
    -7.6057,
    -6.4016,
    -1.0418,
    -16.5936,
    7.1567,
    6.6396,
    3.5136,
    5.8125,
    -2.9095,
    -4.2269,
    2.3036,
    2.573,
    -7.7991,
    -5.4521,
    1.4454,
    -2.362,
    1.5285,
    14.1108,
    0.5104,
    1.572,
    -2.1922,
    3.9301,
    1.8677,
    -1.2258,
    1.0137,
    0.8525,
    -0.8759,
    6.1792,
    3.6548,
    -1.2374,
    -1.1567,
    4.9776,
    -0.0212,
    -2.6689,
    -0.4993,
    6.9021,
    1.2317,
    3.1443,
    8.4746,
    5.7036,
    -3.4436,
    -1.7438,
    2.5765,
    -7.7225,
    -5.4393,
    -13.7562,
    7.1173,
    9.0594,
    3.7245,
    10.5403,
    -2.126,
    8.8192,
    -4.9275,
    4.6993,
    0.1883,
    6.0068,
    -2.0604,
    6.286,
    0.0374,
    0.7848,
    -3.0552,
    -4.7608,
    0.4714,
    -6.6982,
    7.3603,
    -4.3182,
    9.8378,
    -2.1364,
    -0.9039,
    5.432,
    4.7808,
    -10.0649,
    -5.6392,
    6.2597,
    -0.3392,
    2.9921,
    0.4875,
    -2.4707,
    7.1403,
    1.3194,
    2.4857,
    -5.275,
    2.8447,
    -0.592,
    0.2009,
    5.6994,
    -2.4798,
    5.4232,
    8.4247,
    -7.4361,
    1.9253,
    0.1952,
    5.8554,
    0.9315,
    -7.2431,
    -8.259,
    -0.1259,
    -7.3248,
    12.2966,
    -6.9119,
    -1.2799,
    9.4914,
    3.5345,
    0.0687,
    3.112,
    6.0139,
    2.2695,
    2.7802,
    -2.0436,
    -10.7771,
    -5.9133,
    -0.4863,
    -6.291,
    -4.784,
    -1.587,
    -2.4442,
    -4.2518,
    5.0751,
    0.45,
    -1.0474,
    7.2318,
    2.2471,
    -2.0061,
    -2.0585,
    -4.8321,
    12.8253,
    -0.2937,
    0.8407,
    4.1381,
    3.5435,
    -1.7418,
    0.0708,
    -4.6386,
    -4.4082,
    -2.1372,
    -0.9591,
    3.1551,
    -0.9252,
    3.7689,
    -2.9978,
    -12.0479,
    -2.5938,
    0.5819,
    -0.1899,
    7.7765,
    -9.7587,
    -3.5894,
    2.5968,
    5.7801,
    2.8704,
    5.8987,
    -3.6034,
    -4.7731,
    -0.7425,
    6.9321,
    0.7,
    -3.5827,
    -4.6043,
    5.1745,
    5.4903,
    -2.164,
    -2.2741,
    -0.4863,
    -0.8198,
    -2.1888,
    -5.7657,
    1.5595,
    -3.5567,
    5.0773,
    -1.4978,
    1.4285,
    -3.4122,
    0.4409,
    -1.5117,
    2.0423,
    -5.6573,
    9.612,
    6.3479,
    -4.8588,
    -0.9364,
    -3.1284,
    -2.0246,
    -0.4438,
    -3.1455,
    -2.6846,
    6.8409,
    10.9161,
    1.1943,
    -4.7581,
    7.7672,
    -2.4297,
    -2.8678,
    -9.0388,
    -3.847,
    -4.2495,
    -1.9706,
    -5.2965,
    -0.4921,
    7.2456,
    4.7505,
    -4.6467,
    2.7061,
    4.9988,
    -0.9448,
    -8.7169,
    -1.2694,
    8.9148,
    5.3374,
    -3.4188,
    6.3443,
    -1.1244,
    1.8592,
    3.5151,
    -1.6502,
    -5.0278,
    4.316,
    -2.0723,
    -2.5569,
    0.6715,
    -2.1149,
    -6.0741,
    -5.4515,
    -12.0232,
    1.431,
    -9.7381,
    2.596,
    -1.2277,
    -4.5208,
    -1.6238,
    -1.6634,
    -4.3768,
    -4.1752,
    0.7199,
    -0.9451,
    4.5125,
    -3.8631,
    4.8531,
    -0.2683,
    -1.2162,
    2.8389,
    0.8651,
    6.2368,
    2.0769,
    2.1527,
    5.4208,
    6.0609,
    -3.314,
    -5.391,
    -6.9418,
    3.7659,
    -1.4991,
    -5.8634,
    8.7196,
    2.8871,
    5.1863,
    8.1037,
    8.6337,
    -3.5524,
    2.7437,
    6.327,
    5.5131,
    -2.2832,
    -2.0733,
    -3.2497,
    -5.7786,
    -3.8518,
    6.9313,
    -3.3983,
    -7.2675,
    2.6628,
    -2.7389,
    -5.651,
    0.1522,
    0.3899,
    -6.8701,
    -6.9386,
    0.0809,
    11.2801,
    -1.5961,
    -3.4644,
    5.8302,
    -11.9852,
    2.6564,
    4.9952,
    3.7612,
    3.154,
    3.7938,
    6.7452,
    -2.488,
    2.2027,
    10.2403,
    5.241,
    1.7597,
    4.7371,
    1.1076,
    -4.1857,
    2.5149,
    -5.1246,
    -3.4026,
    -4.4655,
    -1.599,
    -0.1048,
    -2.5968,
    -6.5255,
    2.7441,
    -5.9201,
    4.641,
    -4.7641,
    -3.2229,
    -4.4325,
    2.3921,
    2.0245,
    -5.6693,
    2.1939,
    -3.9639,
    5.3993,
    -4.4938,
    1.7798,
    -0.6264,
    -0.8225,
    0.2019,
    4.6716,
    -1.6758,
    8.5987,
    -1.6276,
    2.4805,
    1.6544,
    3.0864,
    -2.2951,
    -0.249,
    3.962,
    -5.2477,
    -4.4836,
    2.525,
    2.8772,
    2.9492,
    -7.772,
    0.983,
    -2.6431,
    -0.8272,
    2.2835,
    -0.2203,
    -8.0195,
    -5.5578,
    -1.7662,
    5.6748,
    5.9797,
    -0.368,
    3.2439,
    -5.5921,
    -8.755,
    -1.2757,
    5.4541,
    -2.6584,
    2.5776,
    0.3721,
    4.1091,
    -5.9137,
    5.0483,
    1.173,
    -4.9453,
    -2.8421,
    -5.087,
    -0.235,
    -4.981,
    2.0315,
    4.1538,
    4.5796,
    -0.4725,
    4.4477,
    7.7936,
    -9.1607,
    14.0897,
    -0.591,
    -3.5023,
    2.7303,
    4.3197,
    -7.5747,
    1.0548,
    -5.3159,
    9.3343,
    2.8274,
    -3.3188,
    -7.7764,
    7.1205,
    -0.6517,
    6.1996,
    2.1867,
    -4.0403,
    6.7412,
    2.5075,
    -0.2903,
    -4.5225,
    0.3654,
    8.3088,
    -1.6891,
    10.8225,
    1.3365,
    5.0206,
    -2.613,
    -10.7208,
    0.5469,
    -0.2101,
    -1.3551,
    -2.8335,
    -0.3043,
    -1.6607,
    2.6051,
    -1.8105,
    0.3077,
    1.9367,
    -5.9469,
    -8.5111,
    -6.4102,
    -2.5461,
    -3.9851,
    -5.8835,
    -0.1791,
    -2.0674,
    -3.1876,
    3.3243,
    0.9122,
    0.348,
    7.6257,
    2.6531,
    -7.7275,
    6.1477,
    3.8821,
    -4.0871,
    0.0251,
    -1.0966,
    6.9232,
    1.3215,
    0.0621,
    9.6289,
    -2.9054,
    11.2836,
    -2.5942,
    3.379,
    11.2951,
    5.2144,
    -9.6746,
    11.3969,
    -0.9781,
    0.0921,
    1.8888,
    0.1887,
    3.2368,
    0.2231,
    4.2391,
    -1.9707,
    -2.1407,
    -6.7942,
    1.7839,
    6.8882,
    0.3582,
    7.5685,
    -1.8143,
    -0.8736,
    -4.3007,
    10.1606,
    -8.138,
    2.0831,
    -7.4963,
    -2.2601,
    -3.2264,
    1.8875,
    3.6182,
    4.7243,
    8.0949,
    -2.3538,
    0.8355,
    3.222,
    4.7928,
    2.3451,
    2.304,
    -0.7971,
    -2.3971,
    3.5469,
    -0.7558,
    3.5162,
    -0.401,
    -3.6786,
    -5.5383,
    2.4188,
    -1.8304,
    -6.9398,
    -13.6814,
    2.2575,
    1.5634,
    -15.0024,
    1.2287,
    -3.3281,
    -0.5962,
    0.2522,
    3.0656,
    0.1907,
    9.2328,
    1.9242,
    2.3438,
    -4.6731,
    2.3044,
    3.9137,
    -2.0354,
    -2.1313,
    -2.515,
    -2.5226,
    8.3836,
    -3.8445,
    2.1483,
    -11.7952,
    -1.6332,
    -1.2083,
    0.2344,
    8.5968,
    -8.614,
    -2.1872,
    1.892,
    5.5688,
    -1.7123,
    -2.5137,
    2.0162,
    -2.2975,
    -1.8296,
    -1.1016,
    2.0644,
    -6.5186,
    1.8014,
    4.5944,
    2.4087,
    -2.6287,
    1.9792,
    -4.9684,
    -3.871,
    -4.8088,
    -8.5737,
    4.4168,
    1.7588,
    -8.4116,
    3.6777,
    7.8391,
    -1.6578,
    -4.0594,
    -2.0596,
    -2.7762,
    8.7627,
    -3.635,
    -8.3282,
    5.1737,
    -7.2165,
    4.0991,
    0.8856,
    -0.2464,
    11.9042,
    0.434,
    -5.8912,
    -1.7506,
    -4.8624,
    5.0942,
    -4.3645,
    -7.4823,
    -6.7565,
    -7.1316,
    5.6946,
    3.5973,
    -1.6008,
    -10.1948,
    6.1109,
    1.0001,
    1.106,
    3.6451,
    -4.336,
    -3.185,
    0.498,
    3.5315,
    -4.3887,
    0.0316,
    4.2722,
    -11.344,
    -0.6983,
    -5.3298,
    2.0133,
    -1.073,
    -10.7864,
    -4.1876,
    6.5533,
    3.0159,
    9.9081,
    6.1776,
    3.4816,
    1.729,
    -1.0232,
    -6.3057,
    0.8436,
    -0.0634,
    5.0229,
    -10.21,
    1.9659,
    0.7055,
    13.5784,
    -10.819,
    4.4548,
    -2.8483,
    11.0345,
    -1.8015,
    11.0541,
    -9.2196,
    5.4118,
    -4.9072,
    -3.6413,
    -2.3437,
    9.8026,
    -5.6013,
    2.2465,
    -2.5547,
    -0.4058,
    4.7685,
    1.503,
    2.9011,
    -6.0666,
    5.9594,
    1.5211,
    1.2978,
    -1.2209,
    0.5253,
    -8.9757,
    -3.4088,
    1.4414,
    0.5234,
    10.2181,
    9.0131,
    9.2921,
    -6.6262,
    4.1307,
    -0.3307,
    -2.1275,
    -2.5448,
    9.7862,
    -2.6307,
    4.3578,
    1.0787,
    3.5138,
    -3.081,
    -4.2955,
    0.6931,
    6.4834,
    7.8246,
    3.0628,
    1.4709,
    -2.2032,
    -4.0242,
    -5.6997,
    -5.4924,
    4.2335,
    -0.6993,
    5.0223,
    4.446,
    3.4882,
    7.0653,
    -1.8774,
    1.0219,
    2.9211,
    -10.1962,
    -5.1653,
    3.2061,
    -10.1356,
    -9.6536,
    -0.8762,
    1.755,
    6.6184,
    7.3013,
    5.4576,
    4.1502,
    5.1278,
    -1.8082,
    1.1697,
    -10.2314,
    -4.907,
    -4.0382,
    -0.219,
    -12.5261,
    -3.1412,
    2.235,
    1.159,
    3.3246,
    -7.2762,
    2.6999,
    -2.9241,
    0.8491,
    2.1594,
    -6.7968,
    -8.6058,
    -6.2345,
    -0.3653,
    -10.3604,
    -2.0979,
    0.5508,
    3.2769,
    1.9654,
    4.3291,
    3.5615,
    -0.4865,
    6.9961,
    4.9613,
    -4.1884,
    2.9406,
    3.9696,
    6.9188,
    -2.4527,
    -7.9429,
    5.7783,
    -2.3223,
    -0.8662,
    -1.4646,
    2.132,
    3.0768,
    -5.7243,
    -2.5993,
    -1.4282,
    0.1258,
    6.9709,
    11.6215,
    -6.2363,
    -4.6071,
    -12.9577,
    0.6176,
    -9.1529,
    -6.6019,
    7.492,
    3.1318,
    -0.8456,
    0.4763,
    5.2315,
    -9.2619,
    -7.6388,
    3.3992,
    2.8375,
    -7.849,
    5.5073,
    12.2791,
    4.2778,
    6.3039,
    -3.5529,
    -0.004,
    6.3989,
    0.1654,
    -3.9389,
    1.7048,
    -5.1987,
    2.1586,
    3.7949,
    -0.2755,
    0.5644,
    -8.0097,
    1.6267,
    -0.6086,
    0.023,
    -0.4949,
    -0.4135,
    11.2016,
    6.8345,
    -6.2769,
    9.94,
    -9.5369,
    -1.001,
    -2.022,
    8.2249,
    10.7412,
    4.4024,
    -4.4089,
    0.318,
    -3.1676,
    -0.4786,
    2.1646,
    2.0689,
    -2.9293,
    -6.2973,
    9.2094,
    -5.1951,
    1.8704,
    -3.6005,
    1.719,
    5.0562,
    -1.2662,
    -0.9296,
    -3.2983,
    -2.0037,
    -5.3886,
    4.0055,
    -0.2023,
    5.8411,
    -1.5545,
    -0.2216,
    10.6165,
    -2.5518,
    -3.2341,
    8.1897,
    -0.0148,
    1.1194,
    6.7895,
    -0.6101,
    -6.8229,
    0.619,
    7.4702,
    -0.0901,
    1.5017,
    -3.4797,
    2.892,
    -1.9562,
    1.802,
    1.1834,
    -3.4609,
    5.4799,
    -8.0766,
    -9.7158,
    7.5264,
    1.6188,
    6.3654,
    -0.9533,
    0.7685,
    -3.9511,
    -4.4256,
    -0.6342,
    5.289,
    4.0095,
    1.3196,
    -3.9421,
    13.2576,
    3.2417,
    1.2849,
    -8.9628,
    -3.2904,
    1.1584,
    -7.6906,
    2.7211,
    4.5086,
    -2.5052,
    7.6621,
    1.1416,
    5.9645,
    2.1554,
    -4.8479,
    -7.6839,
    -0.7992,
    -2.0739,
    7.718,
    8.7119,
    -3.3523,
    2.3467,
    2.7861,
    11.1046,
    -1.9768,
    0.1889,
    4.1377,
    -0.7069,
    -2.6323,
    0.7213,
    3.1342,
    2.1616,
    3.2664,
    -1.508,
    2.1485,
    -0.5077,
    1.1299,
    0.0389,
    7.854,
    -14.5279,
    -0.8724,
    1.3685,
    -12.6634,
    2.5179,
    -1.0879,
    0.0466,
    8.4838,
    2.6475,
    2.0507,
    -0.8616,
    1.0804,
    7.1232,
    -0.359,
    -4.129,
    -1.4711,
    17.2395,
    2.4219,
    2.7999,
    2.8361,
    -5.7532,
    1.9632,
    1.047,
    -1.4473,
    -3.271,
    -2.3781,
    4.1747,
    2.1498,
    2.1131,
    5.7484,
    6.9573,
    -2.428,
    -1.7505,
    -10.0813,
    -0.6982,
    3.3927,
    -11.1612,
    5.7392,
    -5.2342,
    2.4795,
    4.0823,
    -4.1684,
    1.3148,
    4.3603,
    -0.1742,
    -9.5119,
    -0.0691,
    2.7169,
    5.2843,
    9.3474,
    2.6368,
    -0.2279,
    -5.9083,
    1.401,
    3.4897,
    -10.9058,
    -2.3019,
    -12.9273,
    -9.5176,
    6.5431,
    -1.4124,
    -3.7876,
    0.2131,
    3.5032,
    -5.1806,
    -1.0439,
    -2.8829,
    -7.3896,
    4.0053,
    -4.9248,
    2.3507,
    4.1896,
    -1.2242,
    0.1701,
    -3.3479,
    5.4808,
    5.462,
    -7.4005,
    5.8247,
    1.697,
    2.5868,
    6.9429,
    -1.1741,
    -1.3942,
    0.1069,
    -7.2603,
    1.23,
    3.6836,
    -3.1822,
    3.9798,
    -5.4744,
    -6.1789,
    0.5552,
    7.0265,
    0.7313,
    0.2866,
    7.4794,
    5.5949,
    2.3337,
    1.962,
    6.1722,
    -7.1648,
    -1.0399,
    -1.7078,
    -0.1203,
    3.9203,
    -7.133,
    -3.4625,
    -3.3931,
    2.4523,
    6.3665,
    2.9044,
    -5.7487,
    4.4197,
    3.0367,
    0.714,
    1.815,
    -3.5802,
    -2.0104,
    -1.3117,
    7.7512,
    -3.045,
    -5.0209,
    3.0272,
    7.6444,
    -1.0724,
    -8.7904,
    -8.6487,
    -5.093,
    -2.1527,
    9.4526,
    -3.1286,
    0.4858,
    -6.5819,
    -5.3957,
    0.1165,
    -0.2401,
    -6.2662,
    1.0097,
    -3.8263,
    -3.3279,
    1.0267,
    3.5596,
    -0.0267,
    3.6556,
    -3.7049,
    -3.2501,
    1.6604,
    -2.842,
    3.9885,
    8.038,
    1.3061,
    3.0158,
    -8.6806,
    3.5432,
    -9.5788,
    -2.7886,
    -1.2614,
    -13.21,
    -9.124,
    -0.0269,
    -3.3289,
    -0.7687,
    2.0659,
    7.4951,
    -10.4436,
    5.6584,
    3.9553,
    2.8448,
    0.4367,
    -5.6046,
    -0.4707,
    -11.0302,
    -6.4498,
    0.3854,
    -6.7672,
    -5.6809,
    0.5551,
    4.0659,
    6.6886,
    0.9621,
    -4.6293,
    0.033,
    7.6916,
    -9.2673,
    8.8136,
    6.701,
    -4.974,
    -3.8599,
    -1.0149,
    7.061,
    -0.5042,
    7.048,
    -4.779,
    -4.8637,
    1.3627,
    10.6987,
    0.0017,
    -0.966,
    10.6551,
    0.1179,
    -3.0401,
    -4.1951,
    -4.7978,
    -7.2337,
    -3.8122,
    -3.6671,
    -2.6121,
    -3.0791,
    -5.1793,
    -7.2021,
    0.4547,
    1.1562,
    3.3106,
    -6.7468,
    10.3349,
    0.6987,
    -1.7476,
    -0.742,
    -1.4203,
    -3.6131,
    0.9885,
    4.3364,
    1.9239,
    0.4852,
    3.9286,
    -1.5009,
    3.9968,
    5.0831,
    -3.9492,
    -4.4111,
    4.2374,
    -7.6352,
    3.8045,
    -2.4457,
    -12.8166,
    4.485,
    -5.6103,
    -1.1745,
    -10.6414,
    2.3275,
    2.4815,
    7.7451,
    -2.1947,
    4.7959,
    -5.7917,
    6.7273,
    7.6487,
    -5.1318,
    -1.2487,
    -2.574,
    1.051,
    4.3332,
    -0.98,
    -5.0553,
    0.0217,
    2.4565,
    -5.561,
    2.1017,
    8.6134,
    -5.0522,
    2.6966,
    2.3097,
    -6.2593,
    -7.7712,
    -5.5712,
    -6.6326,
    -6.1447,
    5.3978,
    0.7146,
    -9.2188,
    4.4765,
    -1.0273,
    -4.2229,
    3.0134,
    -2.6731,
    1.5621,
    -3.0751,
    2.2236,
    -1.1378,
    -11.0328,
    12.1807,
    -6.9193,
    -13.4223,
    -3.404,
    1.5971,
    8.896,
    0.022,
    -3.7896,
    4.5635,
    6.8113,
    5.2311,
    -4.6308,
    1.3081,
    -3.1404,
    -0.618,
    0.9111,
    7.0205,
    -3.8508,
    -4.7335,
    13.0204,
    -1.2424,
    7.1183,
    0.3868,
    -1.4269,
    -2.0094,
    -1.8022,
    -0.715,
    1.731,
    6.5639,
    4.0626,
    6.5127,
    -8.0918,
    -6.3949,
    2.1622,
    -0.6089,
    0.9215,
    -3.0484,
    -3.7578,
    6.821,
    -1.0629,
    3.0543,
    0.8082,
    6.4588,
    3.4764,
    -3.9192,
    2.7972,
    1.1626,
    2.9577,
    0.9474,
    2.9865,
    2.3916,
    0.9505,
    -8.8694,
    5.6244,
    -1.6217,
    6.5896,
    0.7355,
    11.5272,
    0.0344,
    0.7462,
    -2.4098,
    -5.6738,
    2.3851,
    -4.0758,
    7.5565,
    -3.7089,
    4.0628,
    -5.8893,
    6.2918,
    3.5124,
    -3.3218,
    -0.2996,
    2.3915,
    -4.7183,
    3.5651,
    -1.6004,
    -1.3875,
    5.3628,
    -1.9763,
    -4.9727,
    1.2931,
    7.3551,
    -1.0632,
    -3.7081,
    -0.3938,
    0.9306,
    -2.1089,
    -6.9799,
    1.8239,
    -2.6375,
    -5.2079,
    7.083,
    -0.3654,
    -0.9186,
    -9.264,
    -4.9118,
    -4.2466,
    -4.7524,
    2.9501,
    -2.754,
    4.4232,
    5.7025,
    7.4838,
    -6.4855,
    1.7045,
    3.5778,
    -7.8754,
    -1.4309,
    5.4701,
    2.2646,
    4.2793,
    -7.9393,
    -6.4224,
    3.0755,
    0.4498,
    2.6433,
    0.4254,
    2.243,
    -5.8341,
    2.8005,
    -5.8334,
    -3.5093,
    -1.2984,
    -0.3514,
    -1.8398,
    3.4651,
    -2.3936,
    1.0226,
    0.4695,
    2.8694,
    3.0429,
    -1.4052,
    2.5218,
    10.264,
    4.2079,
    2.7803,
    -3.2182,
    -3.0441,
    -1.7143,
    -5.2215,
    -1.318,
    -2.1581,
    -4.5881,
    2.273,
    13.2179,
    4.5343,
    0.4701,
    -0.8551,
    -0.9465,
    3.2764,
    4.8328,
    6.9429,
    1.9159,
    -3.099,
    6.1906,
    3.3841,
    2.6087,
    -5.4782,
    1.2057,
    -1.3081,
    1.3438,
    4.5928,
    -0.1801,
    -2.9975,
    0.0434,
    5.9089,
    -6.4289,
    3.1454,
    2.8996,
    -4.2236,
    -3.4769,
    7.5785,
    7.3844,
    2.0879,
    -5.9904,
    2.5067,
    4.5327,
    3.1962,
    14.919,
    3.8508,
    3.2622,
    -8.5944,
    2.552,
    -4.4895,
    -3.953,
    6.5619,
    -3.2051,
    -5.8242,
    -0.2626,
    -2.3061,
    9.9027,
    -0.6695,
    -0.1878,
    -4.3555,
    0.7757,
    0.0302,
    6.5729,
    2.3276,
    4.2988,
    -1.3772,
    -7.2075,
    4.5346,
    2.9285,
    0.3237,
    -4.7909,
    -1.0905,
    4.589,
    7.7464,
    -2.3809,
    -0.7177,
    2.1689,
    4.581,
    4.003,
    -1.7487,
    4.0439,
    8.4482,
    -0.3584,
    -4.28,
    2.4075,
    1.1339,
    -5.1566,
    -8.9758,
    1.6405,
    1.1747,
    11.8366,
    6.3275,
    0.9774,
    -4.3064,
    -3.7155,
    -4.4362,
    5.3877,
    5.0074,
    10.8464,
    -11.2029,
    -1.1529,
    0.9711,
    0.1484,
    -3.0767,
    -5.7987,
    2.5032,
    3.004,
    -1.7408,
    5.4416,
    -10.0132,
    1.2286,
    -6.0289,
    -9.3193,
    2.158,
    -0.9747,
    -7.5389,
    0.205,
    -6.0144,
    -6.3208,
    0.4841,
    -0.9946,
    -1.8782,
    -4.5527,
    0.8019,
    -0.9159,
    3.1394,
    4.0178,
    7.6823,
    -3.8134,
    1.2185,
    -2.719,
    3.2605,
    -0.7417,
    -4.2923,
    1.8279,
    0.2288,
    -3.3632,
    5.6016,
    -13.206,
    0.4986,
    -5.8927,
    5.1801,
    0.4581,
    3.4552,
    3.6152,
    2.6063,
    -7.5209,
    1.3106,
    3.8223,
    -6.6844,
    -1.2077,
    -5.3952,
    -3.421,
    -10.3737,
    -0.0533,
    3.9252,
    -9.862,
    -1.6367,
    -2.5804,
    -3.5906,
    5.1907,
    3.1781,
    6.1894,
    0.5658,
    -0.159,
    -6.3747,
    -0.6972,
    -1.7645,
    -4.6896,
    2.629,
    -11.213,
    1.7356,
    2.8324,
    2.9867,
    0.9366,
    -0.9098,
    2.2627,
    -4.8852,
    -4.361,
    -12.6145,
    10.4942,
    0.9561,
    2.9162,
    -3.0451,
    10.9965,
    3.6831,
    0.796,
    6.0272,
    4.0834,
    6.3745,
    -9.662,
    3.8251,
    -6.1376,
    3.1126,
    -0.7646,
    -0.5446,
    4.9658,
    -5.0188,
    4.0483,
    -5.5649,
    -1.6562,
    -3.9346,
    -8.5229,
    -7.8989,
    2.9666,
    0.9409,
    2.791,
    7.444,
    2.6264,
    -3.2709,
    -2.0728,
    3.3378,
    1.6662,
    1.3991,
    0.6759,
    2.2204,
    -1.8145,
    3.4075,
    -0.6802,
    -1.2436,
    -6.2632,
    -8.0159,
    5.5705,
    -5.2131,
    0.9873,
    -1.425,
    9.3627,
    -9.8452,
    -1.4823,
    3.7739,
    1.9168,
    -3.875,
    7.1478,
    -8.0798,
    -3.9893,
    -3.0604,
    1.9002,
    -2.4933,
    0.9556,
    4.3518,
    8.251,
    2.6672,
    0.3188,
    -6.0132,
    -2.638,
    7.1457,
    0.8011,
    -1.6101,
    8.2719,
    -9.5446,
    0.7576,
    -1.3576,
    7.395,
    7.3005,
    1.8763,
    -0.967,
    3.8492,
    -5.1188,
    1.8069,
    0.8201,
    2.5598,
    -5.818,
    -3.2332,
    0.6701,
    -2.0962,
    1.982,
    6.3245,
    -2.0554,
    0.93,
    7.5418,
    7.3145,
    -3.2412,
    -2.4037,
    -0.5903,
    -3.5476,
    5.6656,
    5.1929,
    3.6229,
    -1.9542,
    -0.6716,
    9.5018,
    -4.6819,
    4.994,
    -8.4148,
    8.6786,
    -0.9532,
    -6.6846,
    -11.4781,
    5.6916,
    5.3961,
    -2.8528,
    -1.2219,
    -2.3796,
    -1.7649,
    7.6358,
    -0.7555,
    -3.93,
    8.1682,
    1.428,
    -3.1907,
    -0.2941,
    2.3512,
    3.8141,
    2.8587,
    2.5982,
    0.7132,
    -7.8542,
    0.4848,
    -4.7552,
    -2.1466,
    -5.6508,
    -3.7267,
    0.8699,
    -9.0244,
    -1.1268,
    5.4618,
    1.6755,
    1.0802,
    -6.1097,
    -3.103,
    14.5074,
    -12.3249,
    -3.3572,
    -5.2976,
    3.4864,
    7.5655,
    -0.0214,
    10.5228,
    -8.6702,
    -5.8524,
    1.04,
    -1.4367,
    -0.528,
    -4.225,
    3.8312,
    4.0233,
    7.9673,
    2.396,
    -3.0527,
    7.0436,
    10.4855,
    -0.5906,
    -2.8822,
    -1.3731,
    -1.3459,
    3.337,
    -2.4722,
    -5.5744,
    -6.4673,
    2.766,
    0.1537,
    2.3009,
    2.113,
    -5.1443,
    2.8105,
    6.1512,
    0.1676,
    1.1182,
    0.3151,
    -4.3988,
    13.642,
    -0.2879,
    7.594,
    5.4405,
    -3.1614,
    3.5708,
    -0.1693,
    1.3862,
    -1.734,
    1.5495,
    -14.0901,
    -11.883,
    1.5206,
    1.976,
    1.9664,
    -0.6838,
    4.344,
    -1.2484,
    1.9481,
    3.0054,
    -4.6041,
    6.552,
    -2.5886,
    10.8433,
    -4.439,
    6.9617,
    -4.243,
    -9.2623,
    7.0297,
    3.814,
    -6.4005,
    -0.6241,
    1.2449,
    -3.9402,
    -6.4971,
    -3.6388,
    -3.5205,
    -0.2868,
    1.933,
    -6.2965,
    -1.4002,
    -0.9863,
    4.8895,
    1.4823,
    -5.1682,
    -0.0188,
    -2.7498,
    5.2392,
    -5.2917,
    -12.4585,
    1.6609,
    -8.6092,
    -1.8845,
    6.4096,
    0.0735,
    3.0294,
    1.487,
    -2.601,
    4.0715,
    4.3749,
    1.7842,
    -4.679,
    -8.671,
    -9.4062,
    -1.7654,
    0.9098,
    6.477,
    -2.9918,
    2.7833,
    0.9054,
    13.7106,
    -11.9873,
    -0.5038,
    10.8396,
    4.1074,
    -1.7676,
    -3.6465,
    -0.1764,
    -7.7935,
    3.4284,
    -5.5338,
    0.8781,
    7.7205,
    -7.3406,
    0.707,
    5.5638,
    2.376,
    -0.6522,
    1.2937,
    -5.7103,
    2.6683,
    6.8603,
    -5.4376,
    -8.0403,
    6.1447,
    -2.392,
    7.6092,
    -3.7969,
    -0.7114,
    2.4041,
    5.085,
    4.0003,
    -0.5889,
    9.3768,
    4.2642,
    -4.9329,
    -0.8712,
    1.4455,
    0.2744,
    7.5998,
    0.73,
    -4.724,
    1.0826,
    -0.7519,
    1.316,
    8.7166,
    -4.0292,
    6.2715,
    -0.54,
    1.4921,
    0.4574,
    -7.1507,
    -7.0198,
    -12.6016,
    7.4238,
    9.5102,
    5.6501,
    -5.6408,
    -0.7564,
    -0.9449,
    1.3038,
    2.2233,
    1.9317,
    -0.3634,
    4.4426,
    3.2078,
    -5.6462,
    -7.3126,
    9.4739,
    6.3408,
    -0.3382,
    -4.5585,
    -4.2215,
    -4.1211,
    -13.795,
    5.3584,
    1.2056,
    8.3352,
    0.0257,
    10.1607,
    -3.6929,
    8.9719,
    -8.6958,
    -3.1875,
    3.3799,
    -7.6284,
    -3.0458,
    -6.8221,
    1.2462,
    -4.1771,
    1.4084,
    5.717,
    0.4924,
    -3.7775,
    2.3367,
    3.1995,
    -4.2641,
    4.4102,
    0.1858,
    2.8516,
    -6.6588,
    -2.6393,
    -1.9414,
    -0.6856,
    -8.5024,
    1.7889,
    -5.5819,
    0.3059,
    0.1187,
    8.571,
    -2.1508,
    4.2896,
    0.1827,
    -4.4032,
    7.4613,
    6.0108,
    5.8823,
    0.6626,
    6.0515,
    -6.2365,
    -0.45,
    4.5416,
    -1.1363,
    1.5458,
    8.2206,
    -4.6556,
    -7.3976,
    -2.9722,
    -8.1328,
    -6.054,
    11.0113,
    2.6991,
    -8.4169,
    4.7186,
    6.8255,
    0.2728,
    2.454,
    1.1688,
    3.2014,
    -1.2344,
    -0.3187,
    -13.9944,
    -6.7685,
    0.3641,
    -6.0039,
    2.7473,
    0.3282,
    3.5188,
    -7.6335,
    1.0062,
    8.6375,
    4.9942,
    8.0958,
    2.7514,
    7.0647,
    5.2314,
    1.1946,
    1.2843,
    2.6431,
    4.9974,
    4.6299,
    3.509,
    -2.7767,
    -6.4048,
    -0.4414,
    1.1811,
    -0.6926,
    -0.7034,
    -0.0959,
    -4.5403,
    -1.5816,
    4.0929,
    -4.9255,
    2.1771,
    1.2097,
    -9.2334,
    -2.6861,
    -13.2854,
    -6.7139,
    -0.3589,
    -8.2758,
    -6.8852,
    -1.2733,
    -1.2387,
    0.2055,
    1.8913,
    1.1404,
    -4.2084,
    5.904,
    -3.0073,
    -3.3265,
    -4.9067,
    0.6196,
    3.6538,
    1.4086,
    -9.0893,
    2.3138,
    0.7792,
    -7.4752,
    6.4304,
    6.5115,
    -1.0319,
    -14.3354,
    3.3643,
    7.2546,
    8.649,
    -2.6935,
    0.4138,
    -4.6794,
    -10.3766,
    0.7069,
    4.4274,
    -1.3836,
    -0.2766,
    4.9483,
    12.5302,
    3.9073,
    -1.9791,
    -1.3884,
    2.8377,
    1.0671,
    -1.484,
    -2.3362,
    -0.6864,
    -6.0758,
    -4.4234,
    -3.3741,
    -8.7035,
    -0.8191,
    1.2579,
    -0.3518,
    0.5657,
    0.5856,
    7.0416,
    3.7023,
    -3.2653,
    -2.3328,
    3.0378,
    11.2737,
    -2.4948,
    -2.3011,
    1.7397,
    5.0555,
    -2.8771,
    6.6009,
    -1.2101,
    2.9515,
    0.3666,
    -0.3591,
    0.6518,
    -2.4053,
    2.5782,
    -3.0468,
    4.8508,
    0.361,
    5.5494,
    4.8581,
    -2.8239,
    -2.1321,
    8.1263,
    9.3972,
    -2.9433,
    1.6718,
    -2.5057,
    -2.0377,
    2.3861,
    -0.2899,
    6.3584,
    -8.5925,
    1.8252,
    -0.4879,
    -2.3106,
    -1.1201,
    -1.1091,
    -1.4237,
    -1.017,
    -5.693,
    -1.9511,
    3.858,
    -6.8691,
    8.6221,
    3.3202,
    -9.1784,
    -2.021,
    -6.2945,
    4.251,
    -5.258,
    -1.8705,
    -0.5312,
    1.6183,
    1.9996,
    0.9681,
    2.0133,
    -2.7479,
    2.9209,
    3.3473,
    0.8694,
    2.3907,
    3.3742,
    -4.8464,
    1.9501,
    -2.1198,
    -2.354,
    -0.0244,
    6.143,
    -1.4413,
    -4.2733,
    4.8273,
    -0.6549,
    -0.2401,
    3.5429,
    -0.7691,
    0.0862,
    -5.1147,
    3.9593,
    3.4597,
    2.3234,
    3.479,
    -7.0263,
    4.9156,
    -3.3011,
    -1.5158,
    6.098,
    2.5296,
    -6.0018,
    6.5266,
    3.9323,
    -1.1016,
    6.1539,
    -0.644,
    1.1719,
    4.0892,
    2.766,
    1.1237,
    6.1647,
    -1.9736,
    4.5222,
    1.6965,
    1.5115,
    6.1918,
    6.8651,
    -7.5404,
    -4.6006,
    -3.7434,
    3.3836,
    -7.8928,
    -4.1894,
    1.6049,
    -2.2491,
    -4.8918,
    -6.4895,
    -1.0339,
    1.8938,
    4.2663,
    -0.8603,
    4.9688,
    2.941,
    1.2552,
    3.8411,
    -3.8572,
    -8.1879,
    16.3698,
    -2.3506,
    -8.5975,
    -0.5953,
    -4.6904,
    5.6241,
    5.4905,
    -1.6949,
    -1.6276,
    -10.4487,
    1.4478,
    2.0192,
    -3.713,
    4.0324,
    -2.0438,
    -3.6893,
    6.5127,
    7.6216,
    1.4545,
    3.5341,
    -4.2922,
    5.2028,
    3.2218,
    -0.8568,
    2.6892,
    4.035,
    -6.7606,
    3.5086,
    -4.4837,
    -4.1522,
    -3.2474,
    6.0494,
    -0.447,
    2.256,
    -6.5574,
    4.0539,
    -5.2374,
    -6.5284,
    4.9299,
    -2.6582,
    7.9166,
    3.4597,
    3.237,
    0.2608,
    -0.0387,
    4.5772,
    1.2945,
    7.9138,
    -4.8821,
    -5.0281,
    -9.3176,
    4.2793,
    -9.4926,
    4.5359,
    -2.8096,
    7.4417,
    7.7663,
    0.7705,
    7.4801,
    -7.4319,
    -1.4848,
    -0.8136,
    -0.5563,
    4.9166,
    0.0938,
    4.0946,
    2.5449,
    0.8694,
    0.9973,
    -4.202,
    8.1307,
    6.0044,
    -1.5696,
    3.2211,
    6.9635,
    8.5835,
    -6.4381,
    -12.3224,
    5.3444,
    -3.6973,
    3.2133,
    1.1833,
    4.7594,
    -4.1645,
    -2.6197,
    5.2044,
    0.5774,
    -8.3251,
    -10.879,
    0.0271,
    -1.5986,
    4.8763,
    1.7342,
    -0.1396,
    -0.2555,
    5.8387,
    7.919,
    -10.5685,
    -2.729,
    6.3905,
    -4.3073,
    2.3411,
    -5.479,
    -6.0412,
    -2.7952,
    -0.3605,
    -0.3075,
    -2.7695,
    5.4046,
    3.4183,
    -7.4022,
    -2.7942,
    -0.152,
    0.9244,
    -2.6227,
    -1.2046,
    1.9821,
    -1.894,
    -2.3607,
    3.5697,
    -2.7573,
    4.6156,
    2.2184,
    -5.1628,
    -8.3702,
    -2.3277,
    -4.3404,
    -12.0895,
    -5.791,
    -5.8881,
    13.0352,
    2.2636,
    5.433,
    0.104,
    0.004,
    -2.0646,
    -6.559,
    -0.7479,
    -2.2325,
    1.5423,
    -0.849,
    -8.2828,
    -2.5163,
    -1.6875,
    -0.7562,
    3.2169,
    0.3025,
    -3.2531,
    0.6131,
    7.5086,
    -6.2075,
    -3.3996,
    7.2183,
    -3.0379,
    0.3407,
    3.6195,
    -0.8874,
    -5.2745,
    -3.1273,
    0.7912,
    -5.5464,
    4.4401,
    -3.5065,
    -1.6672,
    -8.3444,
    -4.2183,
    1.7129,
    7.0787,
    1.7888,
    1.1161,
    -1.3857,
    11.3968,
    -8.5356,
    -4.937,
    1.4039,
    0.8324,
    4.9408,
    3.5475,
    1.1693,
    -3.7881,
    -6.3006,
    -4.8021,
    9.0601,
    4.6265,
    -2.9129,
    6.7058,
    3.9016,
    -0.337,
    -2.0771,
    5.4453,
    3.5759,
    -6.3986,
    -2.134,
    4.6608,
    -4.0091,
    -0.6239,
    4.3416,
    2.1886,
    -0.3277,
    14.5664,
    -0.6801,
    -1.1024,
    -2.5838,
    1.8097,
    -7.4432,
    -1.699,
    3.3311,
    -7.7752,
    -4.1848,
    -4.7593,
    -5.3432,
    -0.9945,
    -1.5949,
    4.4091,
    -2.6692,
    8.5088,
    -0.2091,
    0.0068,
    -8.3455,
    3.5501,
    5.4599,
    -7.2922,
    1.1011,
    -6.2678,
    -7.4218,
    2.5989,
    -3.0141,
    2.0658,
    1.3868,
    -0.2724,
    4.1307,
    0.0499,
    -2.802,
    0.7087,
    -6.8438,
    9.5555,
    6.8537,
    -1.8346,
    -4.9328,
    1.6465,
    2.6035,
    -10.0613,
    -1.8818,
    -0.9971,
    1.1576,
    -2.4023,
    0.7637,
    -0.6484,
    -5.7506,
    -1.0305,
    -2.3674,
    3.686,
    -7.4738,
    2.4342,
    -7.7795,
    -6.6808,
    3.1566,
    4.3635,
    -5.0851,
    0.4171,
    6.8176,
    0.5797,
    -2.5599,
    2.5871,
    -3.7157,
    5.6138,
    -0.7692,
    -4.7102,
    -3.5353,
    2.5375,
    4.4,
    -1.439,
    -2.2518,
    -2.6084,
    4.2244,
    -7.4535,
    1.7543,
    -4.3208,
    -4.6477,
    0.4186,
    -0.0062,
    9.1418,
    -1.2328,
    -0.8065,
    1.0817,
    2.303,
    -0.6901,
    -0.5326,
    4.4233,
    -1.4003,
    -7.3315,
    0.1034,
    7.2435,
    -7.2496,
    -4.5945,
    -9.2598,
    1.8323,
    -2.7605,
    -1.6148,
    -8.3356,
    -0.9211,
    -12.4531,
    -3.332,
    2.9211,
    2.9521,
    -2.3415,
    -11.6154,
    -2.6386,
    -4.4907,
    -3.4557,
    -1.6584,
    6.0064,
    -10.9267,
    -4.9567,
    2.6321,
    -9.5935,
    14.3635,
    -3.1639,
    6.1211,
    -9.4056,
    -5.6234,
    5.1938,
    5.1175,
    -1.2769,
    -2.3205,
    1.5643,
    1.2632,
    1.4419,
    0.936,
    -2.627,
    -7.8065,
    5.3183,
    -8.3716,
    3.082,
    3.7177,
    6.7052,
    -2.3564,
    -4.6684,
    1.345,
    -5.5158,
    -10.0689,
    3.7931,
    3.1127,
    14.9244,
    8.7377,
    2.4546,
    -5.7744,
    -1.5563,
    6.7897,
    -7.0543,
    -4.7846,
    1.466,
    -11.7915,
    4.9723,
    -0.5118,
    -2.0282,
    -1.4691,
    -2.8966,
    0.0612,
    0.2743,
    -5.2017,
    6.94,
    -4.4024,
    1.3516,
    -11.719,
    0.0841,
    -0.4546,
    -2.9792,
    2.2364,
    -1.2913,
    14.2196,
    -1.0316,
    3.3705,
    -4.9526,
    1.0205,
    -15.827,
    6.8795,
    0.264,
    -4.1748,
    -5.6563,
    -1.9722,
    3.9572,
    -2.1521,
    13.6936,
    7.065,
    -3.445,
    2.6492,
    2.2411,
    -2.6272,
    -3.5822,
    -2.9232,
    -2.1158,
    0.5524,
    -7.8065,
    9.9963,
    1.5004,
    3.3707,
    6.2025,
    -1.185,
    -12.6816,
    0.6463,
    -17.7945,
    -2.3783,
    -0.2549,
    1.6064,
    -8.4742,
    -0.4428,
    -0.356,
    -4.7013,
    3.7766,
    -7.6078,
    -8.0461,
    -0.9772,
    -5.8313,
    -6.6029,
    -1.1836,
    3.0315,
    2.5643,
    3.4283,
    4.2183,
    3.0052,
    1.5783,
    -5.5085,
    4.1592,
    7.8037,
    -1.8179,
    -3.7206,
    -4.724,
    8.1071,
    -6.6009,
    7.3224,
    -1.2578,
    5.8494,
    -4.8597,
    -0.9254,
    0.7485,
    -2.4385,
    1.7782,
    1.4609,
    -1.1021,
    -0.2315,
    0.0919,
    -0.0912,
    -1.5093,
    -2.4744,
    4.725,
    0.5181,
    -2.3083,
    1.1782,
    -9.7315,
    0.0994,
    -3.798,
    4.7985,
    -0.0944,
    -7.2397,
    -2.1052,
    2.5178,
    1.2895,
    4.6149,
    1.0958,
    -0.4147,
    4.0203,
    2.0167,
    -4.7585,
    -2.094,
    -2.3056,
    -3.8543,
    4.9434,
    -3.1786,
    -7.2471,
    2.7838,
    6.88,
    3.3023,
    -4.5069,
    -4.7299,
    1.5834,
    -6.1248,
    3.7265,
    5.6056,
    2.4005,
    -8.7273,
    -3.2883,
    -1.6932,
    3.3668,
    6.7486,
    -1.9843,
    -4.1599,
    3.4243,
    -0.2824,
    7.9389,
    7.9475,
    -9.9831,
    1.4701,
    -6.6029,
    -2.8193,
    8.7125,
    -2.7525,
    8.1419,
    -3.2309,
    2.28,
    -6.572,
    -3.4061,
    1.3045,
    5.2993,
    -5.908,
    0.1784,
    -3.8117,
    -0.6629,
    -0.0167,
    3.7193,
    6.3873,
    -6.6208,
    -4.9806,
    3.4674,
    -1.3584,
    -4.5456,
    -0.7828,
    7.117,
    -8.3673,
    -1.5089,
    0.3767,
    2.4703,
    -3.2773,
    -4.0534,
    -8.5535,
    -7.5671,
    4.9107,
    6.7156,
    -0.4886,
    -4.9796,
    -7.2367,
    2.4066,
    -3.9903,
    -3.8105,
    0.365,
    -0.9939,
    -6.8137,
    8.1005,
    -0.1126,
    -2.6121,
    0.1021,
    3.749,
    8.7584,
    0.1477,
    2.6561,
    5.1079,
    1.7557,
    4.119,
    -4.6314,
    -2.3664,
    -1.2915,
    -2.8582,
    1.3021,
    0.5712,
    6.2743,
    2.0916,
    2.5843,
    2.7489,
    -3.4318,
    2.3032,
    -8.6939,
    -7.8211,
    -0.1853,
    4.6644,
    4.1586,
    -5.304,
    -7.7129,
    2.1085,
    3.1813,
    3.683,
    6.5805,
    0.6254,
    -2.953,
    3.2104,
    -5.9287,
    2.7144,
    0.1909,
    -6.8323,
    -4.6295,
    -5.4181,
    1.8326,
    -10.0735,
    -12.4305,
    1.9058,
    -3.0473,
    1.262,
    -1.6162,
    -4.3932,
    -10.2755,
    0.5089,
    -1.7351,
    -0.5219,
    -0.8808,
    11.1884,
    -3.646,
    -3.518,
    2.293,
    -5.1508,
    -1.6124,
    -4.9147,
    -8.6575,
    -0.8274,
    -2.5167,
    4.7794,
    -4.6712,
    -5.2454,
    -3.5451,
    0.4981,
    -1.7826,
    -3.1941,
    -1.1498,
    4.4986,
    0.072,
    13.0441,
    7.0541,
    7.9172,
    -5.7566,
    2.1974,
    0.6994,
    2.7053,
    6.0352,
    7.5876,
    4.9759,
    -2.5685,
    -1.1941,
    -3.1309,
    -2.7229,
    -2.6164,
    0.8121,
    -0.2555,
    8.1907,
    3.5502,
    2.5154,
    -2.8446,
    -2.0846,
    3.3512,
    -5.7928,
    1.1976,
    4.5084,
    4.0895,
    0.9357,
    0.4656,
    -5.3956,
    9.8469,
    -1.3601,
    5.1457,
    -10.2447,
    -1.9003,
    -1.4021,
    -4.2781,
    -1.9177,
    4.9537,
    3.9209,
    3.8731,
    -1.5209,
    -3.0437,
    -7.1506,
    8.4489,
    -1.1515,
    -2.3645,
    2.6277,
    1.1379,
    -4.7259,
    -2.2944,
    -3.9343,
    -3.4665,
    2.2978,
    -1.0514,
    -0.8808,
    -3.9322,
    5.453,
    -5.5652,
    -5.0105,
    -1.6399,
    2.7686,
    8.9308,
    -1.7895,
    -2.4209,
    1.7392,
    -7.4023,
    -10.2488,
    7.2305,
    -2.7458,
    -5.3809,
    0.351,
    -1.9424,
    -5.8358,
    -1.3906,
    -13.8062,
    12.5029,
    -2.6246,
    -1.133,
    0.2878,
    3.7706,
    0.6909,
    10.9785,
    -0.6528,
    -6.6267,
    -2.5114,
    -1.0301,
    9.567,
    -2.1789,
    -7.9152,
    -5.9848,
    8.9871,
    1.0447,
    -6.7366,
    -2.844,
    -8.0956,
    -1.1559,
    -0.4577,
    0.0413,
    -0.3114,
    6.021,
    -10.6627,
    2.2208,
    0.1758,
    3.9259,
    0.9802,
    3.6309,
    -2.2936,
    8.3388,
    4.1092,
    8.6414,
    3.7157,
    2.1087,
    -8.4622,
    -2.8173,
    4.1475,
    -3.358,
    0.6529,
    -6.0196,
    -2.2999,
    -1.8448,
    2.767,
    6.4182,
    -8.8412,
    -0.9502,
    -7.1268,
    -5.6585,
    5.8891,
    3.3378,
    -2.0498,
    -7.2869,
    -2.0878,
    0.7778,
    -6.2007,
    -0.0487,
    5.453,
    -5.1768,
    -2.7823,
    -4.1916,
    -2.4896,
    1.1122,
    -6.2638,
    -0.1445,
    -3.1345,
    -4.4626,
    -2.4011,
    -1.6384,
    -1.5981,
    10.1606,
    -4.2584,
    -1.472,
    2.7179,
    -4.7959,
    -6.7363,
    0.1291,
    8.5819,
    -2.2426,
    -4.2734,
    13.6668,
    -3.0312,
    -11.8564,
    -7.6663,
    -3.3682,
    -3.1485,
    -2.9552,
    1.6638,
    -3.0688,
    5.8529,
    5.831,
    -4.6892,
    -7.7903,
    -2.7285,
    -6.74,
    -2.8242,
    0.043,
    -6.8399,
    -2.1292,
    -1.1101,
    0.431,
    2.1529,
    -3.6218,
    -10.957,
    0.9368,
    6.0327,
    5.8256,
    -1.91,
    4.9871,
    5.7595,
    6.1479,
    2.5354,
    1.5437,
    7.0688,
    -0.5244,
    3.3895,
    -10.4392,
    9.6414,
    0.9896,
    9.8754,
    -1.9394,
    11.1874,
    -0.2719,
    -2.4187,
    -1.1501,
    -0.9347,
    0.2021,
    -6.0466,
    2.5888,
    12.5834,
    1.5854,
    -3.1748,
    -9.518,
    -5.2943,
    5.6912,
    1.6219,
    13.1513,
    3.383,
    2.2628,
    2.1031,
    -3.8742,
    -2.6436,
    2.5431,
    -6.5151,
    -3.7923,
    -10.0337,
    -7.6565,
    -7.3753,
    0.9849,
    -2.23,
    0.5289,
    -2.5236,
    -2.9866,
    -2.3155,
    0.0111,
    -1.292,
    -8.9854,
    -3.0849,
    -6.5017,
    6.8749,
    1.023,
    -2.984,
    -6.372,
    3.6236,
    6.7651,
    -3.4592,
    7.1564,
    -12.866,
    -10.848,
    3.017,
    6.5174,
    0.5474,
    -2.0377,
    1.8217,
    -1.5709,
    4.9447,
    1.4091,
    4.5475,
    -4.9862,
    2.2683,
    0.9008,
    -7.5876,
    -3.1633,
    -5.2886,
    -5.7594,
    0.5817,
    11.7447,
    -2.6643,
    4.183,
    -2.3725,
    -6.9349,
    -0.3489,
    0.6167,
    -5.63,
    6.6074,
    4.8759,
    6.5389,
    4.6454,
    2.4486,
    3.8657,
    4.948,
    2.269,
    6.5115,
    -5.5205,
    0.5438,
    12.3751,
    2.2591,
    -3.7949,
    -2.6196,
    1.3358,
    -3.6056,
    1.9445,
    3.3605,
    4.8548,
    1.0474,
    2.0408,
    1.3734,
    -2.6623,
    -6.423,
    -0.5267,
    4.5591,
    0.7056,
    -6.5494,
    3.2356,
    8.35,
    -0.237,
    7.2621,
    -4.7467,
    11.8736,
    -1.8003,
    -0.2224,
    2.9875,
    4.1665,
    -0.054,
    1.9053,
    11.9861,
    2.9911,
    1.881,
    -2.5037,
    0.7018,
    3.3711,
    3.2934,
    9.3717,
    -3.2704,
    -3.7633,
    1.4013,
    2.6546,
    2.5169,
    -11.7319,
    -2.1196,
    2.7485,
    5.5365,
    -4.5185,
    1.9601,
    -6.9172,
    -4.8027,
    6.3087,
    5.6531,
    2.6781,
    7.3071,
    7.3097,
    7.0943,
    -5.519,
    -9.5414,
    12.3087,
    -6.605,
    3.2898,
    7.3531,
    -3.9194,
    -0.5288,
    -3.2512,
    -3.6347,
    -0.5116,
    -1.2064,
    -2.0778,
    10.4751,
    -6.5347,
    5.4551,
    3.9687,
    -0.5907,
    -0.9017,
    0.0049,
    2.567,
    -1.3703,
    6.5298,
    3.2304,
    -4.2467,
    -0.3071,
    -6.0219,
    0.335,
    0.0492,
    -0.6557,
    6.844,
    -0.4268,
    -6.0908,
    0.6984,
    -0.249,
    -11.1855,
    -8.0332,
    -12.2296,
    -5.3179,
    -0.6534,
    -8.416,
    3.0659,
    6.5095,
    3.1889,
    -2.2019,
    -2.507,
    -7.8922,
    3.5015,
    -5.013,
    -0.1753,
    -0.22,
    -4.1063,
    -3.6273,
    -8.4069,
    3.9254,
    -10.6888,
    3.3652,
    1.7913,
    7.7082,
    -0.5455,
    -2.3341,
    -4.7494,
    4.7134,
    -5.9962,
    0.9927,
    2.9362,
    1.1919,
    11.1011,
    6.375,
    -7.3293,
    -1.6992,
    2.5423,
    12.7229,
    -3.6223,
    0.9706,
    5.5554,
    3.4564,
    1.8594,
    -0.5595,
    -4.0042,
    5.7816,
    -1.7392,
    -5.3287,
    1.366,
    -8.6809,
    -1.3666,
    3.0663,
    -1.5859,
    0.3274,
    -2.192,
    4.0461,
    3.818,
    3.2428,
    -0.2121,
    -1.4469,
    1.3289,
    6.439,
    0.2853,
    1.8322,
    7.6152,
    -8.4652,
    2.1733,
    -0.1566,
    0.3232,
    0.6627,
    5.5879,
    -6.3777,
    0.0751,
    -0.2832,
    -2.7688,
    4.0584,
    -3.1738,
    -7.2414,
    -8.8498,
    2.0277,
    -9.7533,
    -0.0374,
    -8.0337,
    -7.2895,
    -8.1533,
    6.5606,
    -1.0149,
    3.6995,
    -4.8036,
    -4.1055,
    -1.26,
    -2.3613,
    2.0683,
    0.8592,
    1.9293,
    -2.4819,
    1.2588,
    4.2743,
    0.8934,
    -0.0067,
    4.3788,
    -6.3158,
    1.3393,
    -2.5332,
    -8.9082,
    1.7701,
    6.4213,
    -4.2191,
    -8.247,
    -14.864,
    8.0052,
    5.9492,
    4.1519,
    -3.2987,
    1.0112,
    0.6831,
    1.1289,
    6.5558,
    -0.7241,
    1.3018,
    -9.4698,
    3.263,
    5.1004,
    -2.2948,
    4.2282,
    0.4062,
    -1.0074,
    6.3099,
    2.2936,
    -1.7029,
    -3.8621,
    8.1569,
    4.134,
    4.6751,
    -5.6399,
    -1.1516,
    0.7993,
    2.7077,
    5.5013,
    -5.0342,
    5.7931,
    -0.8251,
    1.847,
    -0.773,
    -3.5588,
    -1.4264,
    -7.4466,
    1.6526,
    -5.2252,
    -1.8029,
    0.8141,
    -7.6002,
    4.6939,
    -0.822,
    0.0387,
    5.3859,
    5.8672,
    8.3388,
    14.3211,
    0.7963,
    6.2419,
    -2.7025,
    0.8295,
    -9.0231,
    1.0274,
    -5.3765,
    7.9292,
    -6.1257,
    -4.4973,
    5.8911,
    -0.5513,
    -0.1336,
    -0.8308,
    0.7911,
    3.8222,
    -0.8621,
    0.8612,
    -8.5079,
    2.9952,
    -7.4762,
    -5.6701,
    -0.2557,
    7.3712,
    -1.5578,
    -2.3029,
    4.6289,
    1.3079,
    -4.5065,
    0.0999,
    -2.6445,
    5.6549,
    -4.5814,
    1.0163,
    2.6073,
    0.792,
    -1.4384,
    -1.4876,
    -3.3407,
    -1.9679,
    5.9874,
    -7.5235,
    -6.3592,
    3.6358,
    1.8003,
    13.8381,
    7.0173,
    -2.1901,
    10.6413,
    0.4484,
    -0.3172,
    1.3611,
    2.3288,
    4.2544,
    -4.9611,
    -0.2949,
    -4.4976,
    8.0853,
    -4.4872,
    -6.3699,
    1.3137,
    -6.935,
    -7.9991,
    2.0754,
    3.4775,
    -4.3243,
    2.4357,
    4.688,
    4.8724,
    2.2347,
    0.8212,
    -3.5921,
    3.0286,
    -4.7379,
    3.2472,
    -3.1354,
    0.8184,
    -0.2036,
    3.6145,
    -10.0531,
    -5.7009,
    8.9222,
    -1.0245,
    3.72,
    -7.82,
    2.6282,
    -2.8893,
    -9.1109,
    9.0856,
    -0.5259,
    -1.1946,
    3.1013,
    2.5144,
    -0.7327,
    0.5777,
    3.4263,
    -3.5587,
    -8.4478,
    -5.9642,
    -4.5476,
    2.2634,
    -1.9194,
    5.3063,
    7.8738,
    -3.2231,
    7.7057,
    -6.153,
    -4.81,
    -6.9769,
    5.3385,
    1.2301,
    2.6238,
    3.5362,
    -3.0424,
    4.468,
    -8.5402,
    0.7476,
    -0.1341,
    -3.3289,
    -1.5278,
    0.9589,
    3.7861,
    4.5522,
    -1.89,
    -7.4051,
    -4.4713,
    -10.6165,
    2.0415,
    1.0932,
    -2.6615,
    -7.0081,
    -3.8141,
    1.7235,
    -7.8941,
    1.2768,
    6.772,
    4.5662,
    3.8649,
    -0.2394,
    7.3502,
    6.1756,
    -0.3258,
    -2.4895,
    -10.0417,
    7.0164,
    2.6143,
    6.2515,
    3.1993,
    -8.8059,
    -1.7416,
    -0.3311,
    -1.2934,
    -6.5504,
    13.7949,
    11.2133,
    -6.5424,
    -6.0256,
    -5.6841,
    -3.4796,
    -4.6588,
    0.0689,
    4.6072,
    -3.044,
    -0.6806,
    8.5833,
    -8.9031,
    -12.5756,
    -4.0329,
    -0.2518,
    4.6322,
    -4.2908,
    1.7422,
    6.6896,
    8.0136,
    -2.9986,
    3.2883,
    -3.1901,
    -6.3671,
    -7.7587,
    0.9504,
    0.572,
    -2.8278,
    -9.4537,
    -1.9568,
    0.712,
    -7.5563,
    -5.8354,
    -1.4683,
    -0.6586,
    0.2156,
    4.2994,
    -8.9649,
    0.2242,
    1.9376,
    -14.5825,
    -3.8977,
    -3.888,
    -1.7938,
    -4.692,
    2.1977,
    -7.4655,
    -7.1721,
    1.9972,
    -7.6072,
    0.2048,
    -4.2646,
    -7.2475,
    3.2502,
    2.1033,
    5.6051,
    2.5326,
    -0.9842,
    -2.2089,
    1.0586,
    2.3815,
    0.2167,
    5.6715,
    -2.4266,
    -8.6241,
    -6.9431,
    7.5525,
    5.8269,
    -0.3082,
    -9.5136,
    -2.1247,
    5.0348,
    1.1976,
    0.9443,
    -3.2825,
    2.4634,
    4.6466,
    -7.8794,
    -11.6274,
    -10.9844,
    -0.964,
    6.6815,
    -7.9415,
    -0.9871,
    7.1471,
    -3.9303,
    6.6795,
    -1.4438,
    -0.3758,
    -0.1532,
    11.3462,
    8.4986,
    6.4557,
    0.5499,
    -3.4484,
    -1.5158,
    -2.0122,
    -7.0906,
    -1.9429,
    4.5191,
    -4.3013,
    -8.5726,
    -5.9246,
    10.2954,
    -9.4697,
    3.4461,
    -3.1439,
    -7.7971,
    -12.1952,
    3.2704,
    4.6837,
    -2.3832,
    -1.9033,
    -5.8208,
    -9.9964,
    4.2198,
    0.3174,
    4.185,
    0.544,
    3.2655,
    1.6962,
    0.23,
    10.2593,
    2.0211,
    1.4946,
    -2.5497,
    9.3387,
    -4.8098,
    -2.9157,
    11.1267,
    -2.6511,
    -1.3701,
    -0.1024,
    -5.4647,
    1.246,
    0.109,
    -11.8612,
    7.2019,
    -2.3661,
    -0.7455,
    -3.3488,
    4.0283,
    11.0465,
    4.6187,
    0.3417,
    -7.6118,
    -3.126,
    -0.567,
    -2.4993,
    -2.0647,
    -1.4604,
    -6.1388,
    -6.2385,
    -10.2883,
    1.386,
    6.1691,
    -3.8799,
    -2.4432,
    6.4852,
    -2.0091,
    5.1057,
    -13.3115,
    12.4491,
    4.0921,
    -10.6174,
    -2.7412,
    1.8223,
    1.4349,
    0.5213,
    2.707,
    -6.4557,
    2.0466,
    -0.0685,
    -6.6162,
    0.5062,
    5.7028,
    0.1518,
    -13.1413,
    2.3192,
    4.6724,
    0.5511,
    4.1212,
    -0.4803,
    1.8719,
    3.269,
    -2.3392,
    -1.4566,
    7.7179,
    -12.2281,
    -2.8758,
    7.1062,
    -5.8295,
    0.3969,
    13.697,
    6.8025,
    2.767,
    6.0492,
    12.9167,
    6.6629,
    0.6763,
    4.8035,
    -4.3737,
    -1.0694,
    -4.0889,
    8.2219,
    10.7452,
    2.6125,
    1.9383,
    6.3394,
    -4.8339,
    -2.816,
    -0.3653,
    5.3581,
    -7.9839,
    -0.3243,
    5.6973,
    1.8744,
    1.4366,
    4.5831,
    8.22,
    -7.0948,
    3.2078,
    -1.8915,
    2.8657,
    3.8614,
    5.2629,
    7.5173,
    -2.7107,
    1.4113,
    -0.8618,
    5.5945,
    4.5869,
    -4.0732,
    -1.6891,
    -9.7158,
    13.3062,
    2.4519,
    1.586,
    7.3407,
    2.589,
    -1.1245,
    1.4671,
    1.9143,
    -1.1388,
    8.1404,
    0.6858,
    0.4867,
    5.6765,
    0.0444,
    -3.5965,
    -7.1689,
    -4.7258,
    0.7193,
    -2.6893,
    -4.5346,
    -7.502,
    -6.7535,
    0.2441,
    2.2389,
    -4.2852,
    -2.7943,
    1.9778,
    -7.3804,
    -0.9502,
    11.0708,
    -8.1089,
    -0.2493,
    3.0145,
    9.2457,
    -2.4992,
    -3.7794,
    -3.9569,
    -2.8682,
    3.1908,
    3.5144,
    -5.5611,
    -1.1296,
    9.1594,
    0.7987,
    -9.1459,
    0.6763,
    -4.0182,
    -13.712,
    0.3093,
    -0.1297,
    -5.6273,
    2.4471,
    -3.5994,
    -5.0166,
    1.7694,
    1.1441,
    -5.8895,
    1.5043,
    2.0368,
    -5.4576,
    4.1614,
    3.5835,
    3.3853,
    -3.1992,
    -1.3978,
    7.6039,
    -8.4958,
    6.2885,
    9.0397,
    -2.0526,
    2.8087,
    -1.1525,
    -6.9866,
    5.7981,
    5.1081,
    -0.2757,
    -8.9573,
    4.3479,
    2.4636,
    4.5092,
    -3.8408,
    -0.1802,
    -0.1615,
    -4.6319,
    2.2241,
    -7.352,
    8.8345,
    3.122,
    -3.0818,
    2.9637,
    -2.6099,
    -6.6461,
    2.4024,
    2.8681,
    2.8384,
    8.7346,
    -0.6395,
    -5.2529,
    -0.6343,
    6.8563,
    -1.0212,
    3.8498,
    -3.091,
    2.1526,
    -0.2669,
    1.575,
    -2.7637,
    -7.6304,
    1.4793,
    4.847,
    8.527,
    0.6948,
    -4.59,
    1.752,
    2.0352,
    0.4654,
    -6.9687,
    -1.7078,
    -3.6285,
    0.7987,
    1.1033,
    -4.8059,
    6.7392,
    1.96,
    3.1368,
    5.1658,
    -3.2515,
    5.3335,
    1.8715,
    -5.8396,
    1.6257,
    -8.2189,
    6.6333,
    7.98,
    -3.3888,
    -8.817,
    -4.2252,
    2.4419,
    -0.8937,
    9.8826,
    2.7561,
    -4.6621,
    4.2899,
    1.2321,
    2.3738,
    7.0152,
    3.0041,
    -1.9697,
    3.7964,
    -0.3518,
    -2.5743,
    -1.07,
    2.6264,
    3.1417,
    -4.239,
    -0.5018,
    -0.7937,
    3.4338,
    -1.8248,
    -0.3765,
    0.6289,
    -4.217,
    5.2007,
    -5.1765,
    -0.8532,
    -1.3998,
    -8.1275,
    -3.6049,
    0.6936,
    0.8245,
    -6.2972,
    0.17,
    5.1141,
    3.4916,
    -6.3721,
    0.5823,
    -3.469,
    6.0356,
    9.2829,
    4.7496,
    -6.1379,
    0.6926,
    -4.9979,
    1.6714,
    -3.3028,
    -5.1681,
    2.4332,
    2.1497,
    2.2625,
    1.0715,
    2.4668,
    -1.964,
    -1.242,
    -1.6006,
    -3.1602,
    8.9256,
    0.813,
    10.0945,
    5.0134,
    -2.5573,
    -6.7515,
    8.7757,
    1.5155,
    -2.3107,
    -5.173,
    -0.4894,
    -5.2124,
    -4.1057,
    -5.7122,
    4.6604,
    -10.016,
    -4.1573,
    11.9516,
    9.8884,
    0.0645,
    0.3401,
    0.0189,
    3.2036,
    -0.2903,
    -3.4889,
    -2.7537,
    6.1134,
    2.1392,
    -0.1972,
    2.5434,
    -4.6866,
    -6.6176,
    -6.0405,
    7.2737,
    -0.0551,
    2.1684,
    1.2966,
    -5.5232,
    0.5387,
    4.1048,
    5.8528,
    0.4724,
    3.5141,
    -0.0608,
    -0.7929,
    -3.5516,
    1.908,
    -1.0245,
    -4.3543,
    6.1895,
    1.0904,
    8.962,
    0.1182,
    5.784,
    1.7917,
    6.3821,
    0.953,
    9.8033,
    -3.8741,
    -10.5782,
    7.6395,
    3.9221,
    1.2241,
    3.3784,
    5.7599,
    2.0731,
    0.9608,
    -5.0032,
    -3.4771,
    3.6004,
    -0.9141,
    9.2162,
    10.071,
    5.3836,
    -0.0308,
    6.5607,
    4.6899,
    -3.4538,
    2.7515,
    -1.1016,
    -2.717,
    -6.2135,
    0.5476,
    -1.324,
    -7.7814,
    0.0133,
    -7.3497,
    -1.4104,
    1.5404,
    -2.0514,
    2.8194,
    0.551,
    -0.6663,
    5.4876,
    -10.9861,
    6.1785,
    6.0117,
    2.8063,
    -3.0763,
    -3.6237,
    2.2193,
    -1.007,
    -5.0318,
    -2.8352,
    0.6921,
    1.1282,
    0.9561,
    6.9274,
    -3.1488,
    5.7509,
    -7.1772,
    3.5246,
    5.3206,
    -4.0137,
    -5.087,
    7.0727,
    -1.4765,
    -0.5849,
    15.2783,
    1.9992,
    -1.9457,
    -3.7005,
    -4.5514,
    -4.7476,
    -0.6522,
    6.0723,
    -1.3023,
    -6.623,
    -3.2622,
    0.6082,
    -1.0686,
    -4.049,
    0.1228,
    2.5632,
    11.7938,
    -1.686,
    9.4052,
    -10.2998,
    -7.3345,
    5.8684,
    -3.1229,
    7.9604,
    4.9,
    2.736,
    -4.5063,
    -2.5495,
    2.1611,
    -4.5073,
    -1.2235,
    4.0819,
    2.2392,
    -2.4972,
    6.0054,
    4.2615,
    7.9895,
    0.4019,
    5.4409,
    -2.6728,
    -3.3557,
    3.5962,
    -3.3977,
    -8.6049,
    -0.6332,
    -2.1258,
    0.9087,
    -0.7294,
    -8.5216,
    8.0017,
    3.7659,
    -2.2394,
    -1.2981,
    -4.4464,
    -0.2504,
    8.3687,
    -7.1325,
    0.7182,
    -2.7233,
    1.3284,
    -0.5732,
    3.2954,
    10.228,
    7.4151,
    6.9572,
    -3.1873,
    3.8241,
    -4.9667,
    9.4592,
    -6.1216,
    -0.4906,
    1.2193,
    1.2226,
    7.4001,
    -1.7192,
    7.8033,
    -0.0409,
    0.1956,
    -2.1188,
    5.0271,
    3.03,
    -2.8229,
    1.0559,
    -4.1007,
    2.8179,
    -0.8052,
    6.4762,
    -3.9574,
    -3.4099,
    10.0844,
    -2.0267,
    1.3162,
    -2.7735,
    -8.4314,
    -3.3766,
    -17.049,
    -7.7118,
    8.5524,
    9.8514,
    3.0069,
    -4.2865,
    0.7921,
    3.9898,
    -2.6073,
    -1.0601,
    0.811,
    -6.5574,
    -4.8238,
    -1.6426,
    -6.4852,
    -6.302,
    6.5173,
    6.7479,
    4.3982,
    2.9171,
    1.1133,
    4.4159,
    -5.2744,
    2.9457,
    1.5558,
    -2.4588,
    0.1548,
    -4.5167,
    3.2442,
    -3.2967,
    0.4081,
    -4.2224,
    5.7354,
    4.5465,
    -6.4454,
    7.7597,
    6.6976,
    -3.4699,
    -0.1997,
    2.1575,
    -10.1804,
    4.2208,
    -8.2718,
    12.763,
    2.8751,
    5.9277,
    2.2304,
    -9.4735,
    1.0852,
    -2.9748,
    -5.8958,
    -2.6308,
    8.06,
    -4.3024,
    4.1659,
    0.7323,
    -9.7277,
    -1.1978,
    5.1954,
    8.1263,
    -1.1854,
    0.6274,
    -5.9774,
    -2.9543,
    -6.3439,
    2.6934,
    3.8107,
    2.7037,
    0.7425,
    -2.619,
    3.603,
    -3.1019,
    1.1159,
    3.0858,
    -1.3982,
    1.5121,
    7.11,
    10.4816,
    0.5873,
    0.0913,
    2.9672,
    -2.1341,
    -3.0745,
    -12.4521,
    4.6287,
    -4.6842,
    -4.5736,
    -2.5109,
    0.1499,
    -7.8959,
    -7.0734,
    -1.5808,
    8.0067,
    -0.5276,
    -9.1552,
    1.1961,
    5.9851,
    -3.6563,
    1.0232,
    0.5345,
    -12.0913,
    3.0602,
    1.7541,
    -0.0339,
    3.8033,
    -4.0518,
    -4.3605,
    -3.0279,
    -5.2728,
    -0.9626,
    -6.1648,
    -5.3729,
    -10.237,
    0.918,
    0.1252,
    -11.44,
    -0.8848,
    -2.4749,
    -2.2816,
    3.6104,
    6.4854,
    6.041,
    -9.6035,
    -4.7372,
    -2.274,
    1.2201,
    -8.0287,
    -3.8111,
    -1.813,
    -2.5369,
    -3.9601,
    -0.0229,
    -5.096,
    1.3661,
    -4.7916,
    -7.4401,
    -3.7294,
    -2.1685,
    -4.1789,
    6.8,
    -2.4656,
    3.2014,
    8.9483,
    6.7175,
    7.1914,
    -1.4806,
    2.7302,
    2.7078,
    -1.1305,
    6.2561,
    -12.301,
    1.6649,
    -5.4268,
    0.3471,
    1.9322,
    5.6254,
    -0.811,
    3.0608,
    -1.6699,
    5.2928,
    -1.8032,
    6.5591,
    -3.5812,
    4.986,
    -1.6398,
    0.4418,
    6.3627,
    1.6975,
    -11.5388,
    2.1101,
    -8.6461,
    -0.8738,
    -7.5011,
    -2.6686,
    -4.5861,
    -6.6235,
    4.0412,
    2.1499,
    3.1876,
    -14.1686,
    -3.1437,
    -7.7877,
    -2.5373,
    -2.6966,
    2.6698,
    5.7424,
    1.7365,
    -3.8825,
    6.4571,
    -8.1075,
    -4.0081,
    -4.5981,
    5.6696,
    0.3743,
    2.4124,
    2.2789,
    11.7099,
    3.5545,
    3.2487,
    14.6099,
    -1.3524,
    1.2771,
    4.0398,
    -4.2541,
    3.2176,
    3.1902,
    8.8506,
    2.2724,
    2.218,
    3.8934,
    3.2524,
    1.2363,
    -1.3864,
    -0.8215,
    1.6182,
    -5.6895,
    2.1788,
    -5.8111,
    -1.0911,
    -4.9252,
    -1.5527,
    -5.7786,
    2.6623,
    -4.1074,
    5.848,
    -5.5876,
    3.5625,
    -3.9425,
    -6.9298,
    3.8702,
    1.1109,
    0.6468,
    -0.2451,
    -2.9207,
    -4.8726,
    2.0449,
    -4.5567,
    1.5929,
    5.2238,
    0.5306,
    1.3179,
    -2.5535,
    -2.7482,
    5.0913,
    -4.3027,
    -11.6632,
    0.8278,
    -1.5195,
    -1.2448,
    5.3657,
    -6.4609,
    3.2867,
    1.557,
    4.5264,
    2.1961,
    -7.0255,
    4.3535,
    2.6018,
    -3.4595,
    -3.2614,
    -9.9053,
    -0.8453,
    -5.5009,
    3.0226,
    -0.7535,
    -8.8692,
    2.0176,
    -2.6728,
    -1.338,
    9.9375,
    -2.4054,
    2.7062,
    3.2253,
    -0.5356,
    1.7131,
    3.2536,
    1.889,
    2.4755,
    4.7608,
    0.5522,
    -3.7004,
    9.1862,
    2.1502,
    14.4618,
    -1.3689,
    3.8792,
    -4.678,
    -5.9101,
    7.6076,
    -8.9048,
    -1.0131,
    7.9172,
    1.0868,
    6.1304,
    -8.0736,
    2.39,
    -2.0396,
    2.9801,
    3.1146,
    0.2111,
    -1.4506,
    2.1512,
    6.1198,
    -0.5051,
    -5.8825,
    -9.2874,
    7.3797,
    6.0961,
    5.5512,
    5.9678,
    -2.344,
    -1.4206,
    -12.4753,
    -5.6969,
    -11.6148,
    -1.5472,
    2.3433,
    4.8535,
    -8.8561,
    3.1504,
    -4.6908,
    7.0553,
    1.9561,
    -0.2729,
    -11.1895,
    8.9291,
    5.1754,
    -1.6952,
    0.9356,
    10.6291,
    -6.0065,
    -11.054,
    -1.7535,
    -3.1783,
    -4.4683,
    -2.7488,
    0.4235,
    5.6755,
    -3.2738,
    2.2368,
    1.0256,
    -5.1525,
    0.1617,
    0.6703,
    11.9394,
    -0.5695,
    5.4174,
    -3.6621,
    3.9325,
    -3.3893,
    -2.4367,
    -0.6376,
    -0.2505,
    -0.1921,
    -0.1332,
    -4.1929,
    2.5433,
    -3.0021,
    -2.9761,
    5.4528,
    -0.5746,
    1.8896,
    -3.0897,
    -0.0202,
    4.423,
    -1.7298,
    -3.7641,
    -4.3425,
    0.5727,
    -4.4685,
    -2.7687,
    0.6723,
    -3.8418,
    -12.8638,
    -5.2254,
    3.7267,
    -2.9054,
    -3.3295,
    -1.4896,
    -5.7582,
    0.973,
    -8.6865,
    2.1295,
    3.9137,
    -7.1536,
    1.7257,
    1.8689,
    1.9565,
    -1.2045,
    -0.5767,
    -2.1649,
    7.5001,
    -3.5973,
    -3.5172,
    11.1284,
    5.0263,
    -9.7183,
    -5.0087,
    -5.6049,
    0.4516,
    -1.8756,
    -11.8594,
    4.1092,
    -1.6217,
    -14.4163,
    1.5394,
    2.0217,
    -0.3981,
    -4.5867,
    -1.0259,
    -3.7606,
    -1.4007,
    9.1851,
    -0.6174,
    0.3498,
    8.8619,
    -0.9592,
    9.2546,
    -6.1449,
    -4.7985,
    -3.1114,
    2.0475,
    -1.8797,
    -6.2237,
    0.6473,
    4.215,
    3.7149,
    8.2671,
    0.0499,
    5.7553,
    -0.8377,
    0.0091,
    -8.6899,
    -4.6967,
    -8.1136,
    -0.3162,
    5.8431,
    7.3718,
    0.5688,
    -4.7618,
    2.964,
    -6.0612,
    2.0099,
    0.6344,
    -9.4742,
    0.3245,
    -1.9714,
    -5.7073,
    3.8559,
    4.1481,
    6.7452,
    -1.8927,
    9.0918,
    1.1559,
    3.2978,
    -10.3497,
    -3.2795,
    5.0173,
    4.9464,
    3.6339,
    7.0782,
    -1.7029,
    -1.3493,
    4.0232,
    9.9535,
    2.2762,
    -2.6079,
    4.5551,
    -4.2,
    -4.4628,
    -9.2264,
    4.2366,
    2.8402,
    0.3883,
    -1.3869,
    1.0695,
    -4.7388,
    10.6196,
    5.8713,
    2.3086,
    1.8394,
    -2.3833,
    -1.9802,
    2.809,
    2.9077,
    -4.7593,
    -6.831,
    -7.2878,
    -4.8527,
    -3.1977,
    9.4206,
    -13.8154,
    1.7044,
    1.4616,
    -3.0027,
    -5.8919,
    1.2762,
    -3.7518,
    -5.6004,
    -0.7895,
    7.1699,
    2.0988,
    4.1964,
    -4.5923,
    1.0641,
    -0.4781,
    5.1558,
    -4.8262,
    -3.9021,
    4.5119,
    -4.1456,
    -1.58,
    -3.8085,
    6.097,
    -2.9876,
    5.3084,
    -8.7481,
    -7.5484,
    -0.9202,
    -8.1929,
    -2.6368,
    -2.286,
    -6.4814,
    2.5298,
    -2.0205,
    -19.0496,
    -2.7906,
    -1.3986,
    9.4222,
    1.5708,
    6.6396,
    -3.5727,
    1.8166,
    -5.697,
    2.8623,
    3.0892,
    -1.8684,
    -3.9601,
    -3.5122,
    1.4971,
    6.9575,
    -8.6859,
    -1.5269,
    10.9218,
    -1.6889,
    4.5712,
    -5.2154,
    0.3156,
    -3.5469,
    5.7924,
    -1.5398,
    -3.903,
    6.4217,
    5.3088,
    -5.4918,
    4.7129,
    -0.744,
    -2.7157,
    6.2825,
    3.2312,
    9.7733,
    3.0688,
    -1.3165,
    6.5016,
    -2.3543,
    -0.6474,
    0.684,
    -0.5165,
    -7.8361,
    0.3422,
    -6.3166,
    1.8357,
    -0.2608,
    -4.242,
    8.0878,
    0.392,
    4.5585,
    2.633,
    1.3703,
    1.5871,
    1.5314,
    -6.2585,
    -1.5897,
    -3.7909,
    -0.614,
    -3.2511,
    3.6464,
    2.5771,
    2.0139,
    2.8843,
    -6.1924,
    -10.6467,
    1.5331,
    7.67,
    2.3849,
    3.8266,
    3.7497,
    7.2986,
    -4.3647,
    -5.63,
    2.0574,
    -0.7828,
    -0.3427,
    1.1568,
    -5.5615,
    4.9676,
    -4.6521,
    -1.2473,
    6.3014,
    1.8577,
    1.564,
    -2.0712,
    0.2065,
    0.9504,
    7.2505,
    2.9547,
    -5.7321,
    -2.1217,
    4.9067,
    -4.8449,
    -11.3359,
    -3.9269,
    -0.5538,
    2.6352,
    -2.583,
    1.7789,
    -0.7933,
    -3.8427,
    -3.4812,
    -3.9162,
    -3.8461,
    -3.3106,
    0.1626,
    -4.1759,
    6.2819,
    -9.9601,
    -3.5463,
    2.6042,
    -8.0929,
    -3.4002,
    -4.9166,
    -5.6044,
    4.7525,
    6.4391,
    1.0091,
    8.4209,
    4.3795,
    -7.853,
    1.347,
    2.8543,
    -9.1182,
    2.729,
    1.4631,
    -3.5902,
    10.2883,
    -2.229,
    6.1873,
    4.4927,
    -0.2935,
    4.9651,
    -0.5122,
    -0.255,
    5.8526,
    -3.7867,
    -10.1408,
    -1.4274,
    3.5785,
    9.1396,
    9.2938,
    9.5621,
    0.0758,
    -1.0285,
    -3.068,
    -5.6147,
    -1.0009,
    0.1348,
    -3.8029,
    8.014,
    -4.0511,
    1.2025,
    1.4419,
    -2.4272,
    -2.4143,
    -1.5163,
    -2.971,
    -2.6244,
    4.9296,
    -6.3942,
    4.0254,
    -4.0321,
    2.7558,
    1.0943,
    4.6422,
    -5.9606,
    2.6371,
    0.0601,
    -2.3955,
    2.4184,
    -1.175,
    -4.3941,
    -5.6555,
    2.8564,
    -2.5836,
    -0.7969,
    4.0907,
    6.2091,
    -1.965,
    -5.0975,
    0.8571,
    -1.05,
    4.1233,
    8.5978,
    9.4315,
    1.2217,
    10.3183,
    3.5634,
    3.7492,
    0.4195,
    1.1843,
    0.2653,
    -0.1099,
    -2.9767,
    -1.9071,
    -3.9963,
    -5.8028,
    -2.2043,
    -2.7542,
    6.6887,
    -0.5013,
    -6.3231,
    -1.5825,
    7.8338,
    -3.4427,
    0.2207,
    -0.2828,
    1.959,
    -3.0697,
    12.4991,
    -2.3194,
    1.3128,
    2.5439,
    3.4649,
    -0.21,
    -1.0052,
    7.3173,
    3.1096,
    -2.026,
    -4.5873,
    -4.0184,
    -2.9743,
    2.3748,
    2.1205,
    -5.6775,
    -1.9228,
    -3.3252,
    -6.653,
    2.9209,
    -8.4344,
    5.714,
    -15.0871,
    -0.0139,
    -4.8297,
    -4.3227,
    2.5674,
    12.7497,
    8.1584,
    3.009,
    1.6853,
    4.0045,
    -2.3135,
    8.7918,
    2.0446,
    -0.8838,
    8.7482,
    1.6955,
    4.7295,
    -2.2115,
    -1.4559,
    -5.2386,
    0.5018,
    -3.6061,
    6.6545,
    9.3607,
    -5.7831,
    12.0021,
    -7.2684,
    -6.2601,
    12.3894,
    6.4909,
    6.7506,
    3.9124,
    -1.9405,
    5.4513,
    -6.6459,
    3.5191,
    -6.458,
    3.935,
    2.7362,
    -2.5969,
    4.9169,
    5.4521,
    0.7271,
    -1.7345,
    -6.3411,
    -0.7841,
    3.0186,
    0.8581,
    -2.2408,
    -0.7574,
    6.796,
    -6.4695,
    -11.316,
    -6.1654,
    4.4004,
    1.5454,
    1.7376,
    1.4754,
    -2.0515,
    -1.09,
    -1.3414,
    5.691,
    -3.7225,
    -0.2626,
    -9.8454,
    -2.2261,
    3.7813,
    -3.7625,
    3.1351,
    -4.372,
    -4.197,
    -4.0467,
    -2.0843,
    2.1664,
    -7.221,
    8.7428,
    -1.2943,
    -0.8424,
    -4.1572,
    0.8186,
    0.5902,
    3.1406,
    4.0155,
    -16.3348,
    -2.3577,
    -4.6488,
    -4.0278,
    -3.2964,
    1.8162,
    -1.829,
    -1.0667,
    4.4122,
    -2.8533,
    6.8824,
    -2.3746,
    5.3577,
    0.1743,
    -3.1239,
    2.6311,
    -2.2056,
    -0.0749,
    2.7929,
    -6.2104,
    -0.0461,
    5.0888,
    5.7469,
    4.7218,
    -4.6185,
    1.5802,
    -4.7726,
    -2.2616,
    -2.2853,
    -3.8837,
    -5.3176,
    5.8386,
    5.1496,
    -0.0183,
    6.3584,
    -1.4762,
    12.2638,
    6.8859,
    0.1146,
    0.5957,
    -0.2297,
    5.8506,
    -1.5562,
    1.3225,
    -4.3716,
    6.6688,
    2.6958,
    -5.6929,
    -0.1022,
    -0.568,
    -1.3285,
    3.4181,
    0.8435,
    -1.1239,
    -9.7372,
    -8.6759,
    1.1269,
    -2.5084,
    4.2914,
    -1.8838,
    -3.429,
    -7.7362,
    -5.2404,
    -1.7601,
    1.6815,
    2.4208,
    -6.0028,
    -0.449,
    0.5305,
    6.0952,
    1.4902,
    -1.2954,
    -2.1493,
    -5.482,
    -2.9734,
    0.8086,
    0.1593,
    7.6661,
    2.1488,
    -2.0977,
    -0.8059,
    4.8044,
    3.4924,
    5.2158,
    -3.8044,
    2.295,
    -8.7447,
    -7.8978,
    -1.0915,
    4.8499,
    -0.9177,
    3.5568,
    2.7516,
    -1.7823,
    -11.0,
    7.2081,
    -8.8032,
    2.7455,
    2.6745,
    -2.5407,
    -1.0275,
    0.291,
    -1.0074,
    8.7305,
    -3.2295,
    2.3378,
    5.1889,
    3.316,
    -15.7305,
    8.6084,
    -0.1143,
    -0.0391,
    4.8776,
    -4.0145,
    -1.114,
    8.4239,
    -7.0753,
    3.5028,
    5.1716,
    6.447,
    3.1984,
    -6.9091,
    -7.1482,
    -0.7338,
    1.0633,
    -1.4686,
    3.4514,
    -1.0773,
    2.1944,
    0.497,
    -4.3213,
    1.9348,
    -0.4236,
    0.3352,
    1.3187,
    -0.1581,
    -0.3865,
    0.305,
    3.3172,
    -1.0635,
    3.196,
    -1.1204,
    1.791,
    -1.0333,
    -4.9439,
    -0.3465,
    0.4695,
    2.7598,
    0.0768,
    -1.9966,
    4.66,
    0.6523,
    -0.1699,
    -0.0026,
    1.2076,
    -0.4547,
    2.2381,
    0.008
  ]
]